time(s)	cellId	rnti	lcid	packetSize	delay(s)
0.0660286	2	15	3	139	0.0147256
0.0760286	2	12	3	313	0.0163546
0.0880286	2	24	3	33	0.00829956
0.0920286	2	25	3	473	0.0186556
0.0950286	2	8	3	81	0.0146946
0.102029	2	7	3	438	0.0172376
0.108029	2	28	3	335	0.0194736
0.115029	2	30	3	58	0.0150086
0.119029	2	4	3	186	0.0157866
0.125029	2	11	3	356	0.0161406
0.126029	2	15	3	139	0.0147256
0.131029	2	10	3	497	0.0241106
0.136029	2	12	3	313	0.0163546
0.143029	2	9	3	476	0.0194966
0.151029	2	25	3	473	0.0176556
0.153029	2	24	3	33	0.0132996
0.157029	2	5	3	97	0.0408586
0.158029	2	8	3	81	0.0176946
0.162029	2	7	3	438	0.0172376
0.168029	2	28	3	335	0.0194736
0.177029	2	30	3	58	0.0170086
0.179029	2	4	3	186	0.0157866
0.184029	2	10	3	497	0.0171106
0.191029	2	5	3	97	0.0148586
0.192029	2	11	3	356	0.0231406
0.197029	2	3	3	369	0.0376216
0.201029	2	9	3	476	0.0174966
0.207029	2	13	3	286	0.0208596
0.212029	2	6	3	247	0.0389366
0.213029	2	2	3	494	0.0715246
0.222029	2	2	3	494	0.0205246
0.229029	2	1	3	429	0.0646896
0.237029	2	3	3	369	0.0176216
0.239029	2	1	3	429	0.0146896
0.244029	2	28	3	335	0.0164736
0.246029	2	14	3	333	0.110514
0.250029	2	14	3	333	0.0545136
0.252029	2	6	3	247	0.0189366
0.254029	2	16	3	486	0.0919806
0.262029	2	13	3	286	0.0158596
0.263029	2	16	3	486	0.0409806
0.268029	2	17	3	195	0.130818
0.270029	2	17	3	195	0.0728176
0.277029	2	18	3	447	0.152366
0.280029	2	18	3	447	0.0953656
0.288029	2	19	3	368	0.113647
0.291029	2	20	3	252	0.112844
0.294029	2	19	3	368	0.0596466
0.301029	2	20	3	252	0.0628436
0.306029	2	29	3	389	0.213499
0.310029	2	21	3	476	0.184198
0.314029	2	21	3	476	0.128198
0.323029	2	28	3	335	0.0164736
0.325029	2	22	3	309	0.136303
0.329029	2	22	3	309	0.0803026
0.332029	2	23	3	52	0.173249
0.333029	2	23	3	52	0.114249
0.335029	2	26	3	270	0.135036
0.337029	2	26	3	270	0.0770356
0.344029	2	27	3	228	0.150116
0.346029	2	27	3	228	0.0921156
0.353029	2	29	3	389	0.200499
0.357029	2	5	3	97	0.0148586
0.371029	2	1	3	429	0.0176896
0.402029	2	28	3	335	0.0164736
0.481029	2	28	3	335	0.0164736
0.500029	2	1	3	429	0.0176896
0.523029	2	5	3	97	0.0148586
0.560029	2	28	3	335	0.0164736
0.629029	2	1	3	429	0.0176896
0.639029	2	28	3	335	0.0164736
0.689029	2	5	3	97	0.0148586
0.705029	2	15	3	139	0.0147256
0.718029	2	28	3	335	0.0164736
0.758029	2	1	3	429	0.0176896
0.797029	2	28	3	335	0.0164736
0.855029	2	5	3	97	0.0148586
0.876029	2	28	3	335	0.0164736
0.887029	2	1	3	429	0.0176896
0.916029	2	24	3	33	0.00829956
0.921029	2	22	3	309	0.0163026
0.955029	2	28	3	335	0.0164736
1.01603	2	1	3	429	0.0176896
1.02303	2	5	3	97	0.0168586
1.03403	2	28	3	335	0.0164736
1.11303	2	28	3	335	0.0164736
1.14503	2	1	3	429	0.0176896
1.18703	2	5	3	97	0.0148586
1.19203	2	28	3	335	0.0164736
1.27103	2	28	3	335	0.0164736
1.27603	2	1	3	429	0.0196896
1.28603	2	15	3	139	0.0167256
1.35003	2	28	3	335	0.0164736
1.35303	2	5	3	97	0.0148586
1.40303	2	1	3	429	0.0176896
1.42903	2	28	3	335	0.0164736
1.50803	2	28	3	335	0.0164736
1.51903	2	5	3	97	0.0148586
1.53203	2	1	3	429	0.0176896
1.57703	2	22	3	309	0.0163026
1.58703	2	28	3	335	0.0164736
1.62903	2	7	3	438	0.0172376
1.66103	2	1	3	429	0.0176896
1.66603	2	28	3	335	0.0164736
1.68403	2	24	3	33	0.00829956
1.68503	2	5	3	97	0.0148586
1.74503	2	28	3	335	0.0164736
1.75503	2	18	3	447	0.0193656
1.77503	2	30	3	58	0.0150086
1.79003	2	1	3	429	0.0176896
1.80903	2	17	3	195	0.0158176
1.82403	2	28	3	335	0.0164736
1.85103	2	5	3	97	0.0148586
1.86303	2	15	3	139	0.0147256
1.90303	2	28	3	335	0.0164736
1.91903	2	1	3	429	0.0176896
1.98203	2	28	3	335	0.0164736
2.00503	2	20	3	252	0.0158436
2.01703	2	5	3	97	0.0148586
2.04803	2	1	3	429	0.0176896
2.06103	2	28	3	335	0.0164736
2.10603	2	3	3	369	0.0166216
2.14003	2	28	3	335	0.0164736
2.17703	2	1	3	429	0.0176896
2.18403	2	5	3	97	0.0158586
2.21903	2	28	3	335	0.0164736
2.23303	2	22	3	309	0.0163026
2.29803	2	28	3	335	0.0164736
2.30803	2	1	3	429	0.0196896
2.34903	2	5	3	97	0.0148586
2.37703	2	28	3	335	0.0164736
2.43503	2	1	3	429	0.0176896
2.44203	2	15	3	139	0.0147256
2.45203	2	24	3	33	0.00829956
2.45603	2	28	3	335	0.0164736
2.51503	2	5	3	97	0.0148586
2.53003	2	23	3	52	0.0142486
2.53503	2	28	3	335	0.0164736
2.54503	2	25	3	473	0.0196556
2.56403	2	1	3	429	0.0176896
2.61403	2	28	3	335	0.0164736
2.68103	2	5	3	97	0.0148586
2.69303	2	28	3	335	0.0164736
2.69603	2	1	3	429	0.0206896
2.77203	2	28	3	335	0.0164736
2.82203	2	1	3	429	0.0176896
2.84703	2	5	3	97	0.0148586
2.85103	2	28	3	335	0.0164736
2.88903	2	22	3	309	0.0163026
2.93003	2	28	3	335	0.0164736
2.95103	2	1	3	429	0.0176896
2.98503	2	14	3	333	0.0165136
2.99603	2	8	3	81	0.0156946
3.00903	2	28	3	335	0.0164736
3.01603	2	5	3	97	0.0178586
3.02103	2	15	3	139	0.0147256
3.06303	2	19	3	368	0.0166466
3.08003	2	1	3	429	0.0176896
3.08803	2	28	3	335	0.0164736
3.09803	2	7	3	438	0.0192376
3.16103	2	4	3	186	0.0157866
3.16703	2	28	3	335	0.0164736
3.17903	2	5	3	97	0.0148586
3.19803	2	16	3	486	0.0179806
3.20903	2	1	3	429	0.0176896
3.22003	2	24	3	33	0.00829956
3.24603	2	28	3	335	0.0164736
3.30403	2	18	3	447	0.0173656
3.31203	2	26	3	270	0.0190356
3.32503	2	28	3	335	0.0164736
3.33903	2	1	3	429	0.0186896
3.34603	2	5	3	97	0.0158586
3.37503	2	30	3	58	0.0150086
3.40403	2	28	3	335	0.0164736
3.40603	2	17	3	195	0.0168176
3.46703	2	1	3	429	0.0176896
3.48303	2	28	3	335	0.0164736
3.51103	2	5	3	97	0.0148586
3.54503	2	22	3	309	0.0163026
3.56203	2	28	3	335	0.0164736
3.59603	2	1	3	429	0.0176896
3.60303	2	15	3	139	0.0177256
3.64103	2	28	3	335	0.0164736
3.67703	2	5	3	97	0.0148586
3.72003	2	28	3	335	0.0164736
3.72603	2	1	3	429	0.0186896
3.75603	2	20	3	252	0.0158436
3.79903	2	28	3	335	0.0164736
3.84303	2	5	3	97	0.0148586
3.85403	2	1	3	429	0.0176896
3.87503	2	29	3	389	0.0164986
3.87803	2	28	3	335	0.0164736
3.95103	2	2	3	494	0.0185246
3.95203	2	27	3	228	0.0201156
3.95703	2	28	3	335	0.0164736
3.97703	2	3	3	369	0.0176216
3.98303	2	1	3	429	0.0176896
3.98803	2	24	3	33	0.00829956
4.00903	2	5	3	97	0.0148586
4.03603	2	28	3	335	0.0164736
4.09103	2	13	3	286	0.0158596
4.11203	2	1	3	429	0.0176896
4.11503	2	28	3	335	0.0164736
4.17503	2	5	3	97	0.0148586
4.17803	2	12	3	313	0.0173546
4.17903	2	15	3	139	0.0147256
4.19403	2	28	3	335	0.0164736
4.20303	2	22	3	309	0.0183026
4.24103	2	1	3	429	0.0176896
4.27303	2	28	3	335	0.0164736
4.34103	2	5	3	97	0.0148586
4.35203	2	28	3	335	0.0164736
4.37003	2	1	3	429	0.0176896
4.41103	2	10	3	497	0.0171106
4.43103	2	28	3	335	0.0164736
4.46903	2	6	3	247	0.0159366
4.49903	2	1	3	429	0.0176896
4.50703	2	5	3	97	0.0148586
4.51003	2	28	3	335	0.0164736
4.56303	2	7	3	438	0.0172376
4.58903	2	28	3	335	0.0164736
4.62803	2	1	3	429	0.0176896
4.66803	2	28	3	335	0.0164736
4.67503	2	5	3	97	0.0168586
4.74703	2	28	3	335	0.0164736
4.75703	2	1	3	429	0.0176896
4.75903	2	24	3	33	0.0112996
4.75903	2	15	3	139	0.0157256
4.82603	2	28	3	335	0.0164736
4.82703	2	23	3	52	0.0142486
4.83603	2	21	3	476	0.0191976
4.83903	2	5	3	97	0.0148586
4.85703	2	18	3	447	0.0193656
4.85703	2	22	3	309	0.0163026
4.88603	2	1	3	429	0.0176896
4.90503	2	28	3	335	0.0164736
4.93503	2	25	3	473	0.0176556
4.97503	2	30	3	58	0.0150086
4.98403	2	28	3	335	0.0164736
5.00103	2	17	3	195	0.0158176
5.00503	2	5	3	97	0.0148586
5.01503	2	1	3	429	0.0176896
5.06303	2	28	3	335	0.0164736
5.09203	2	9	3	476	0.0174966
5.10503	2	11	3	356	0.0171406
5.14203	2	28	3	335	0.0164736
5.14703	2	1	3	429	0.0206896
5.17103	2	5	3	97	0.0148586
5.22103	2	28	3	335	0.0164736
5.27303	2	1	3	429	0.0176896
5.30003	2	28	3	335	0.0164736
5.33703	2	5	3	97	0.0148586
5.33803	2	15	3	139	0.0157256
5.37903	2	28	3	335	0.0164736
5.40203	2	1	3	429	0.0176896
5.45803	2	28	3	335	0.0164736
5.50303	2	5	3	97	0.0148586
5.50703	2	20	3	252	0.0158436
5.51303	2	22	3	309	0.0163026
5.52403	2	24	3	33	0.00829956
5.53103	2	1	3	429	0.0176896
5.53703	2	28	3	335	0.0164736
5.61603	2	28	3	335	0.0164736
5.66003	2	1	3	429	0.0176896
5.67103	2	5	3	97	0.0168586
5.69503	2	28	3	335	0.0164736
5.75803	2	14	3	333	0.0165136
5.77403	2	28	3	335	0.0164736
5.78903	2	1	3	429	0.0176896
5.83503	2	5	3	97	0.0148586
5.83603	2	8	3	81	0.0156946
5.84703	2	3	3	369	0.0176216
5.85303	2	28	3	335	0.0164736
5.87503	2	19	3	368	0.0166466
5.91803	2	1	3	429	0.0176896
5.92003	2	15	3	139	0.0187256
5.93203	2	28	3	335	0.0164736
6.00103	2	5	3	97	0.0148586
6.01103	2	28	3	335	0.0164736
6.03003	2	7	3	438	0.0172376
6.04703	2	1	3	429	0.0176896
6.09003	2	28	3	335	0.0164736
6.14303	2	4	3	186	0.0157866
6.15603	2	16	3	486	0.0179806
6.16903	2	28	3	335	0.0164736
6.17103	2	5	3	97	0.0188586
6.17503	2	22	3	309	0.0223026
6.17903	2	1	3	429	0.0206896
6.24803	2	28	3	335	0.0164736
6.29203	2	24	3	33	0.00829956
6.30503	2	1	3	429	0.0176896
6.32703	2	28	3	335	0.0164736
6.33403	2	5	3	97	0.0158586
6.34103	2	26	3	270	0.0150356
6.40603	2	28	3	335	0.0164736
6.40903	2	18	3	447	0.0203656
6.43403	2	1	3	429	0.0176896
6.48503	2	28	3	335	0.0164736
6.49603	2	15	3	139	0.0157256
6.49903	2	5	3	97	0.0148586
6.56403	2	28	3	335	0.0164736
6.56603	2	1	3	429	0.0206896
6.57603	2	30	3	58	0.0160086
6.59703	2	17	3	195	0.0158176
6.64303	2	28	3	335	0.0164736
6.66503	2	5	3	97	0.0148586
6.69203	2	1	3	429	0.0176896
6.72203	2	28	3	335	0.0164736
6.80103	2	28	3	335	0.0164736
6.82103	2	1	3	429	0.0176896
6.82703	2	22	3	309	0.0183026
6.83203	2	5	3	97	0.0158586
6.88003	2	28	3	335	0.0164736
6.95003	2	1	3	429	0.0176896
6.95903	2	28	3	335	0.0164736
6.99703	2	5	3	97	0.0148586
7.03803	2	28	3	335	0.0164736
7.06003	2	24	3	33	0.00829956
7.07403	2	15	3	139	0.0147256
7.07903	2	1	3	429	0.0176896
7.11703	2	28	3	335	0.0164736
7.12403	2	23	3	52	0.0142486
7.16303	2	5	3	97	0.0148586
7.19603	2	28	3	335	0.0164736
7.20803	2	1	3	429	0.0176896
7.25803	2	20	3	252	0.0158436
7.27503	2	28	3	335	0.0164736
7.32703	2	25	3	473	0.0176556
7.32903	2	5	3	97	0.0148586
7.33703	2	1	3	429	0.0176896
7.35403	2	28	3	335	0.0164736
7.43303	2	28	3	335	0.0164736
7.46603	2	1	3	429	0.0176896
7.48103	2	22	3	309	0.0163026
7.49503	2	5	3	97	0.0148586
7.49803	2	7	3	438	0.0182376
7.51203	2	28	3	335	0.0164736
7.58103	2	29	3	389	0.0164986
7.59103	2	28	3	335	0.0164736
7.59603	2	1	3	429	0.0186896
7.62503	2	27	3	228	0.0151156
7.65303	2	15	3	139	0.0147256
7.66103	2	5	3	97	0.0148586
7.67003	2	28	3	335	0.0164736
7.68103	2	2	3	494	0.0175246
7.71703	2	3	3	369	0.0176216
7.72403	2	1	3	429	0.0176896
7.74903	2	28	3	335	0.0164736
7.82803	2	28	3	335	0.0164736
7.82903	2	5	3	97	0.0168586
7.83003	2	24	3	33	0.0102996
7.85303	2	1	3	429	0.0176896
7.90703	2	28	3	335	0.0164736
7.92003	2	13	3	286	0.0158596
7.95703	2	18	3	447	0.0173656
7.98203	2	1	3	429	0.0176896
7.98603	2	28	3	335	0.0164736
7.99303	2	5	3	97	0.0148586
8.06503	2	28	3	335	0.0164736
8.11103	2	1	3	429	0.0176896
8.13703	2	22	3	309	0.0163026
8.14403	2	28	3	335	0.0164736
8.15903	2	5	3	97	0.0148586
8.17503	2	30	3	58	0.0150086
8.19303	2	17	3	195	0.0158176
8.21803	2	12	3	313	0.0163546
8.22303	2	28	3	335	0.0164736
8.23203	2	15	3	139	0.0147256
8.24003	2	1	3	429	0.0176896
8.30203	2	28	3	335	0.0164736
8.32503	2	5	3	97	0.0148586
8.36903	2	1	3	429	0.0176896
8.38103	2	28	3	335	0.0164736
8.46003	2	28	3	335	0.0164736
8.49103	2	5	3	97	0.0148586
8.49803	2	1	3	429	0.0176896
8.53103	2	14	3	333	0.0165136
8.53903	2	28	3	335	0.0164736
8.59603	2	24	3	33	0.00829956
8.61803	2	28	3	335	0.0164736
8.62803	2	1	3	429	0.0186896
8.63803	2	10	3	497	0.0171106
8.65703	2	5	3	97	0.0148586
8.67503	2	8	3	81	0.0146946
8.68703	2	19	3	368	0.0166466
8.69003	2	6	3	247	0.0169366
8.69703	2	28	3	335	0.0164736
8.75603	2	1	3	429	0.0176896
8.77603	2	28	3	335	0.0164736
8.79303	2	22	3	309	0.0163026
8.81103	2	15	3	139	0.0147256
8.82303	2	5	3	97	0.0148586
8.85503	2	28	3	335	0.0164736
8.88503	2	1	3	429	0.0176896
8.93403	2	28	3	335	0.0164736
8.96403	2	7	3	438	0.0172376
8.98903	2	5	3	97	0.0148586
9.00903	2	20	3	252	0.0158436
9.01303	2	28	3	335	0.0164736
9.01803	2	1	3	429	0.0216896
9.09203	2	28	3	335	0.0164736
9.11403	2	16	3	486	0.0179806
9.12603	2	4	3	186	0.0167866
9.14303	2	1	3	429	0.0176896
9.15503	2	5	3	97	0.0148586
9.17103	2	28	3	335	0.0164736
9.25003	2	28	3	335	0.0164736
9.27203	2	1	3	429	0.0176896
9.32103	2	5	3	97	0.0148586
9.32903	2	28	3	335	0.0164736
9.36403	2	24	3	33	0.00829956
9.37403	2	26	3	270	0.0150356
9.39003	2	15	3	139	0.0147256
9.40103	2	1	3	429	0.0176896
9.40803	2	28	3	335	0.0164736
9.42103	2	23	3	52	0.0142486
9.44903	2	22	3	309	0.0163026
9.46503	2	21	3	476	0.0171976
9.48703	2	28	3	335	0.0164736
9.48803	2	5	3	97	0.0158586
9.50803	2	18	3	447	0.0173656
9.53003	2	1	3	429	0.0176896
9.56603	2	28	3	335	0.0164736
9.58603	2	3	3	369	0.0166216
9.64503	2	28	3	335	0.0164736
9.65303	2	5	3	97	0.0148586
9.65903	2	1	3	429	0.0176896
9.71903	2	25	3	473	0.0176556
9.72403	2	28	3	335	0.0164736
9.77503	2	30	3	58	0.0150086
9.78803	2	1	3	429	0.0176896
9.79003	2	17	3	195	0.0168176
9.80303	2	28	3	335	0.0164736
9.81903	2	5	3	97	0.0148586
9.88203	2	28	3	335	0.0164736
9.91703	2	1	3	429	0.0176896
9.96103	2	28	3	335	0.0164736
9.96903	2	15	3	139	0.0147256
9.98303	2	9	3	476	0.0174966
9.98503	2	5	3	97	0.0148586
10.023	2	11	3	356	0.0161406
10.04	2	28	3	335	0.0164736
10.047	2	1	3	429	0.0186896
10.105	2	22	3	309	0.0163026
10.119	2	28	3	335	0.0164736
10.132	2	24	3	33	0.00829956
10.151	2	5	3	97	0.0148586
10.175	2	1	3	429	0.0176896
10.198	2	28	3	335	0.0164736
10.277	2	28	3	335	0.0164736
10.304	2	1	3	429	0.0176896
10.317	2	5	3	97	0.0148586
10.356	2	28	3	335	0.0164736
10.435	2	28	3	335	0.0164736
10.436	2	1	3	429	0.0206896
10.441	2	7	3	438	0.0272376
10.483	2	5	3	97	0.0148586
10.514	2	28	3	335	0.0164736
10.548	2	15	3	139	0.0147256
10.562	2	1	3	429	0.0176896
10.593	2	28	3	335	0.0164736
10.649	2	5	3	97	0.0148586
10.672	2	28	3	335	0.0164736
10.691	2	1	3	429	0.0176896
10.751	2	28	3	335	0.0164736
10.761	2	22	3	309	0.0163026
10.763	2	20	3	252	0.0188436
10.815	2	5	3	97	0.0148586
10.82	2	1	3	429	0.0176896
10.83	2	28	3	335	0.0164736
10.9	2	24	3	33	0.00829956
10.909	2	28	3	335	0.0164736
10.949	2	1	3	429	0.0176896
10.981	2	5	3	97	0.0148586
10.988	2	28	3	335	0.0164736
11.059	2	18	3	447	0.0173656
11.067	2	28	3	335	0.0164736
11.078	2	1	3	429	0.0176896
11.127	2	15	3	139	0.0147256
11.146	2	28	3	335	0.0164736
11.147	2	5	3	97	0.0148586
11.207	2	1	3	429	0.0176896
11.225	2	28	3	335	0.0164736
11.287	2	29	3	389	0.0164986
11.304	2	28	3	335	0.0164736
11.307	2	14	3	333	0.0195136
11.313	2	5	3	97	0.0148586
11.314	2	27	3	228	0.0261156
11.336	2	1	3	429	0.0176896
11.375	2	30	3	58	0.0150086
11.383	2	28	3	335	0.0164736
11.385	2	17	3	195	0.0158176
11.413	2	2	3	494	0.0185246
11.417	2	22	3	309	0.0163026
11.457	2	3	3	369	0.0176216
11.462	2	28	3	335	0.0164736
11.467	2	1	3	429	0.0196896
11.479	2	5	3	97	0.0148586
11.499	2	19	3	368	0.0166466
11.515	2	8	3	81	0.0146946
11.541	2	28	3	335	0.0164736
11.594	2	1	3	429	0.0176896
11.62	2	28	3	335	0.0164736
11.645	2	5	3	97	0.0148586
11.668	2	24	3	33	0.00829956
11.699	2	28	3	335	0.0164736
11.706	2	15	3	139	0.0147256
11.718	2	23	3	52	0.0142486
11.723	2	1	3	429	0.0176896
11.749	2	13	3	286	0.0158596
11.778	2	28	3	335	0.0164736
11.811	2	5	3	97	0.0148586
11.852	2	1	3	429	0.0176896
11.857	2	28	3	335	0.0164736
11.898	2	7	3	438	0.0172376
11.936	2	28	3	335	0.0164736
11.977	2	5	3	97	0.0148586
11.981	2	1	3	429	0.0176896
12.015	2	28	3	335	0.0164736
12.073	2	22	3	309	0.0163026
12.074	2	16	3	486	0.0199806
12.094	2	28	3	335	0.0164736
12.11	2	1	3	429	0.0176896
12.117	2	25	3	473	0.0236556
12.12	2	4	3	186	0.0287866
12.143	2	5	3	97	0.0148586
12.173	2	28	3	335	0.0164736
12.239	2	1	3	429	0.0176896
12.252	2	28	3	335	0.0164736
12.261	2	12	3	313	0.0183546
12.285	2	15	3	139	0.0147256
12.309	2	5	3	97	0.0148586
12.331	2	28	3	335	0.0164736
12.368	2	1	3	429	0.0176896
12.407	2	26	3	270	0.0150356
12.41	2	28	3	335	0.0164736
12.436	2	24	3	33	0.00829956
12.475	2	5	3	97	0.0148586
12.489	2	28	3	335	0.0164736
12.499	2	1	3	429	0.0196896
12.511	2	20	3	252	0.0158436
12.568	2	28	3	335	0.0164736
12.61	2	18	3	447	0.0173656
12.626	2	1	3	429	0.0176896
12.641	2	5	3	97	0.0148586
12.647	2	28	3	335	0.0164736
12.726	2	28	3	335	0.0164736
12.729	2	22	3	309	0.0163026
12.755	2	1	3	429	0.0176896
12.805	2	28	3	335	0.0164736
12.807	2	5	3	97	0.0148586
12.864	2	15	3	139	0.0147256
12.866	2	10	3	497	0.0181106
12.884	2	28	3	335	0.0164736
12.887	2	1	3	429	0.0206896
12.909	2	6	3	247	0.0159366
12.963	2	28	3	335	0.0164736
12.974	2	5	3	97	0.0158586
12.975	2	30	3	58	0.0150086
12.981	2	17	3	195	0.0158176
13.013	2	1	3	429	0.0176896
13.042	2	28	3	335	0.0164736
13.121	2	28	3	335	0.0164736
13.142	2	1	3	429	0.0176896
13.143	2	5	3	97	0.0188586
13.2	2	28	3	335	0.0164736
13.205	2	24	3	33	0.00929956
13.271	2	1	3	429	0.0176896
13.279	2	28	3	335	0.0164736
13.305	2	5	3	97	0.0148586
13.326	2	3	3	369	0.0166216
13.358	2	28	3	335	0.0164736
13.368	2	7	3	438	0.0202376
13.385	2	22	3	309	0.0163026
13.4	2	1	3	429	0.0176896
13.437	2	28	3	335	0.0164736
13.444	2	15	3	139	0.0157256
13.471	2	5	3	97	0.0148586
13.516	2	28	3	335	0.0164736
13.53	2	1	3	429	0.0186896
13.595	2	28	3	335	0.0164736
13.637	2	5	3	97	0.0148586
13.658	2	1	3	429	0.0176896
13.674	2	28	3	335	0.0164736
13.753	2	28	3	335	0.0164736
13.787	2	1	3	429	0.0176896
13.803	2	5	3	97	0.0148586
13.832	2	28	3	335	0.0164736
13.911	2	28	3	335	0.0164736
13.917	2	1	3	429	0.0186896
13.969	2	5	3	97	0.0148586
13.972	2	24	3	33	0.00829956
13.99	2	28	3	335	0.0164736
14.015	2	23	3	52	0.0142486
14.022	2	15	3	139	0.0147256
14.041	2	22	3	309	0.0163026
14.045	2	1	3	429	0.0176896
14.069	2	28	3	335	0.0164736
14.078	2	14	3	333	0.0175136
14.096	2	21	3	476	0.0171976
14.135	2	5	3	97	0.0148586
14.148	2	28	3	335	0.0164736
14.162	2	18	3	447	0.0183656
14.174	2	1	3	429	0.0176896
14.227	2	28	3	335	0.0164736
14.262	2	20	3	252	0.0158436
14.303	2	1	3	429	0.0176896
14.306	2	28	3	335	0.0164736
14.308	2	5	3	97	0.0218586
14.317	2	19	3	368	0.0226466
14.355	2	8	3	81	0.0146946
14.385	2	28	3	335	0.0164736
14.432	2	1	3	429	0.0176896
14.464	2	28	3	335	0.0164736
14.467	2	5	3	97	0.0148586
14.503	2	25	3	473	0.0176556
14.543	2	28	3	335	0.0164736
14.561	2	1	3	429	0.0176896
14.575	2	30	3	58	0.0150086
14.577	2	17	3	195	0.0158176
14.601	2	15	3	139	0.0147256
14.622	2	28	3	335	0.0164736
14.633	2	5	3	97	0.0148586
14.69	2	1	3	429	0.0176896
14.701	2	28	3	335	0.0164736
14.702	2	22	3	309	0.0213026
14.74	2	24	3	33	0.00829956
14.78	2	28	3	335	0.0164736
14.799	2	5	3	97	0.0148586
14.819	2	1	3	429	0.0176896
14.833	2	7	3	438	0.0182376
14.859	2	28	3	335	0.0164736
14.874	2	9	3	476	0.0174966
14.938	2	28	3	335	0.0164736
14.944	2	11	3	356	0.0181406
14.948	2	1	3	429	0.0176896
14.965	2	5	3	97	0.0148586
14.981	2	27	3	228	0.0151156
14.993	2	29	3	389	0.0164986
15.017	2	28	3	335	0.0164736
15.031	2	16	3	486	0.0189806
15.077	2	1	3	429	0.0176896
15.089	2	4	3	186	0.0157866
15.096	2	28	3	335	0.0164736
15.131	2	5	3	97	0.0148586
15.143	2	2	3	494	0.0175246
15.175	2	28	3	335	0.0164736
15.182	2	15	3	139	0.0167256
15.196	2	3	3	369	0.0166216
15.206	2	1	3	429	0.0176896
15.254	2	28	3	335	0.0164736
15.297	2	5	3	97	0.0148586
15.333	2	28	3	335	0.0164736
15.338	2	1	3	429	0.0206896
15.353	2	22	3	309	0.0163026
15.412	2	28	3	335	0.0164736
15.44	2	26	3	270	0.0150356
15.464	2	1	3	429	0.0176896
15.465	2	5	3	97	0.0168586
15.491	2	28	3	335	0.0164736
15.508	2	24	3	33	0.00829956
15.57	2	28	3	335	0.0164736
15.578	2	13	3	286	0.0158596
15.593	2	1	3	429	0.0176896
15.629	2	5	3	97	0.0148586
15.649	2	28	3	335	0.0164736
15.712	2	18	3	447	0.0173656
15.722	2	1	3	429	0.0176896
15.728	2	28	3	335	0.0164736
15.759	2	15	3	139	0.0147256
15.795	2	5	3	97	0.0148586
15.807	2	28	3	335	0.0164736
15.851	2	1	3	429	0.0176896
15.886	2	28	3	335	0.0164736
15.961	2	5	3	97	0.0148586
15.965	2	28	3	335	0.0164736
15.98	2	1	3	429	0.0176896
16.009	2	22	3	309	0.0163026
16.015	2	20	3	252	0.0178436
16.044	2	28	3	335	0.0164736
16.109	2	1	3	429	0.0176896
16.123	2	28	3	335	0.0164736
16.13	2	5	3	97	0.0178586
16.173	2	17	3	195	0.0158176
16.175	2	30	3	58	0.0150086
16.202	2	28	3	335	0.0164736
16.238	2	1	3	429	0.0176896
16.276	2	24	3	33	0.00829956
16.281	2	28	3	335	0.0164736
16.293	2	5	3	97	0.0148586
16.299	2	7	3	438	0.0172376
16.305	2	12	3	313	0.0213546
16.314	2	23	3	52	0.0162486
16.338	2	15	3	139	0.0147256
16.36	2	28	3	335	0.0164736
16.37	2	1	3	429	0.0206896
16.439	2	28	3	335	0.0164736
16.459	2	5	3	97	0.0148586
16.496	2	1	3	429	0.0176896
16.518	2	28	3	335	0.0164736
16.597	2	28	3	335	0.0164736
16.625	2	1	3	429	0.0176896
16.626	2	5	3	97	0.0158586
16.665	2	22	3	309	0.0163026
16.676	2	28	3	335	0.0164736
16.755	2	28	3	335	0.0164736
16.757	2	1	3	429	0.0206896
16.791	2	5	3	97	0.0148586
16.834	2	28	3	335	0.0164736
16.85	2	14	3	333	0.0165136
16.883	2	1	3	429	0.0176896
16.897	2	25	3	473	0.0196556
16.913	2	28	3	335	0.0164736
16.92	2	15	3	139	0.0177256
16.957	2	5	3	97	0.0148586
16.992	2	28	3	335	0.0164736
17.012	2	1	3	429	0.0176896
17.044	2	24	3	33	0.00829956
17.066	2	3	3	369	0.0166216
17.071	2	28	3	335	0.0164736
17.092	2	10	3	497	0.0171106
17.123	2	5	3	97	0.0148586
17.124	2	19	3	368	0.0176466
17.133	2	6	3	247	0.0199366
17.141	2	1	3	429	0.0176896
17.15	2	28	3	335	0.0164736
17.195	2	8	3	81	0.0146946
17.229	2	28	3	335	0.0164736
17.263	2	18	3	447	0.0173656
17.27	2	1	3	429	0.0176896
17.289	2	5	3	97	0.0148586
17.308	2	28	3	335	0.0164736
17.321	2	22	3	309	0.0163026
17.387	2	28	3	335	0.0164736
17.399	2	1	3	429	0.0176896
17.455	2	5	3	97	0.0148586
17.466	2	28	3	335	0.0164736
17.496	2	15	3	139	0.0147256
17.528	2	1	3	429	0.0176896
17.545	2	28	3	335	0.0164736
17.621	2	5	3	97	0.0148586
17.624	2	28	3	335	0.0164736
17.657	2	1	3	429	0.0176896
17.703	2	28	3	335	0.0164736
17.766	2	7	3	438	0.0172376
17.771	2	17	3	195	0.0178176
17.773	2	20	3	252	0.0248436
17.782	2	28	3	335	0.0164736
17.787	2	1	3	429	0.0186896
17.792	2	30	3	58	0.0320086
17.797	2	5	3	97	0.0248586
17.812	2	24	3	33	0.00829956
17.861	2	28	3	335	0.0164736
17.915	2	1	3	429	0.0176896
17.94	2	28	3	335	0.0164736
17.953	2	5	3	97	0.0148586
17.977	2	22	3	309	0.0163026
17.988	2	16	3	486	0.0179806
18.019	2	28	3	335	0.0164736
18.044	2	1	3	429	0.0176896
18.071	2	4	3	186	0.0157866
18.075	2	15	3	139	0.0147256
18.098	2	28	3	335	0.0164736
18.119	2	5	3	97	0.0148586
18.173	2	1	3	429	0.0176896
18.177	2	28	3	335	0.0164736
18.256	2	28	3	335	0.0164736
18.285	2	5	3	97	0.0148586
18.302	2	1	3	429	0.0176896
18.335	2	28	3	335	0.0164736
18.414	2	28	3	335	0.0164736
18.431	2	1	3	429	0.0176896
18.451	2	5	3	97	0.0148586
18.473	2	26	3	270	0.0150356
18.493	2	28	3	335	0.0164736
18.56	2	1	3	429	0.0176896
18.572	2	28	3	335	0.0164736
18.58	2	24	3	33	0.00829956
18.609	2	23	3	52	0.0142486
18.617	2	5	3	97	0.0148586
18.633	2	22	3	309	0.0163026
18.651	2	28	3	335	0.0164736
18.654	2	15	3	139	0.0147256
18.659	2	27	3	228	0.0151156
18.689	2	1	3	429	0.0176896
18.699	2	29	3	389	0.0164986
18.727	2	21	3	476	0.0171976
18.73	2	28	3	335	0.0164736
18.783	2	5	3	97	0.0148586
18.809	2	28	3	335	0.0164736
18.815	2	18	3	447	0.0183656
18.819	2	1	3	429	0.0186896
18.874	2	2	3	494	0.0175246
18.888	2	28	3	335	0.0164736
18.936	2	3	3	369	0.0166216
18.947	2	1	3	429	0.0176896
18.949	2	5	3	97	0.0148586
18.967	2	28	3	335	0.0164736
19.046	2	28	3	335	0.0164736
19.076	2	1	3	429	0.0176896
19.115	2	5	3	97	0.0148586
19.125	2	28	3	335	0.0164736
19.204	2	28	3	335	0.0164736
19.209	2	1	3	429	0.0216896
19.233	2	7	3	438	0.0172376
19.235	2	15	3	139	0.0167256
19.283	2	28	3	335	0.0164736
19.284	2	5	3	97	0.0178586
19.29	2	25	3	473	0.0206556
19.293	2	22	3	309	0.0203026
19.334	2	1	3	429	0.0176896
19.348	2	24	3	33	0.00829956
19.362	2	28	3	335	0.0164736
19.365	2	17	3	195	0.0158176
19.375	2	30	3	58	0.0150086
19.407	2	13	3	286	0.0158596
19.441	2	28	3	335	0.0164736
19.448	2	5	3	97	0.0158586
19.463	2	1	3	429	0.0176896
19.515	2	20	3	252	0.0158436
19.52	2	28	3	335	0.0164736
19.592	2	1	3	429	0.0176896
19.599	2	28	3	335	0.0164736
19.613	2	5	3	97	0.0148586
19.623	2	14	3	333	0.0165136
19.678	2	28	3	335	0.0164736
19.721	2	1	3	429	0.0176896
19.757	2	28	3	335	0.0164736
19.767	2	9	3	476	0.0194966
19.779	2	5	3	97	0.0148586
19.812	2	15	3	139	0.0147256
19.85	2	1	3	429	0.0176896
19.863	2	11	3	356	0.0181406
19.935	2	19	3	368	0.0166466
19.945	2	5	3	97	0.0148586
19.946	2	22	3	309	0.0173026
19.979	2	1	3	429	0.0176896
20.035	2	8	3	81	0.0146946
20.108	2	1	3	429	0.0176896
20.115	2	5	3	97	0.0188586
20.116	2	24	3	33	0.00829956
20.237	2	1	3	429	0.0176896
20.277	2	5	3	97	0.0148586
20.341	2	12	3	313	0.0163546
20.366	2	1	3	429	0.0176896
20.371	2	18	3	447	0.0233656
20.391	2	15	3	139	0.0147256
20.443	2	5	3	97	0.0148586
20.495	2	1	3	429	0.0176896
20.601	2	22	3	309	0.0163026
20.609	2	5	3	97	0.0148586
20.624	2	1	3	429	0.0176896
20.7	2	7	3	438	0.0172376
20.753	2	1	3	429	0.0176896
20.775	2	5	3	97	0.0148586
20.806	2	3	3	369	0.0166216
20.882	2	1	3	429	0.0176896
20.884	2	24	3	33	0.00829956
20.906	2	23	3	52	0.0142486
20.941	2	5	3	97	0.0148586
20.946	2	16	3	486	0.0179806
20.961	2	17	3	195	0.0158176
20.97	2	15	3	139	0.0147256
20.975	2	30	3	58	0.0150086
21.011	2	1	3	429	0.0176896
21.053	2	4	3	186	0.0157866
21.107	2	5	3	97	0.0148586
21.14	2	1	3	429	0.0176896
21.257	2	22	3	309	0.0163026
21.269	2	1	3	429	0.0176896
21.271	2	20	3	252	0.0208436
21.276	2	5	3	97	0.0178586
21.319	2	10	3	497	0.0171106
21.349	2	6	3	247	0.0159366
21.398	2	1	3	429	0.0176896
21.439	2	5	3	97	0.0148586
21.506	2	26	3	270	0.0150356
21.527	2	1	3	429	0.0176896
21.549	2	15	3	139	0.0147256
21.605	2	5	3	97	0.0148586
21.652	2	24	3	33	0.00829956
21.656	2	1	3	429	0.0176896
21.679	2	25	3	473	0.0176556
21.771	2	5	3	97	0.0148586
21.785	2	1	3	429	0.0176896
21.914	2	1	3	429	0.0176896
21.919	2	22	3	309	0.0223026
21.925	2	18	3	447	0.0263656
21.937	2	5	3	97	0.0148586
22.043	2	1	3	429	0.0176896
22.103	2	5	3	97	0.0148586
22.128	2	15	3	139	0.0147256
22.167	2	7	3	438	0.0172376
22.172	2	1	3	429	0.0176896
22.269	2	5	3	97	0.0148586
22.301	2	1	3	429	0.0176896
22.337	2	27	3	228	0.0151156
22.396	2	14	3	333	0.0165136
22.405	2	29	3	389	0.0164986
22.42	2	24	3	33	0.00829956
22.43	2	1	3	429	0.0176896
22.437	2	5	3	97	0.0168586
22.559	2	1	3	429	0.0176896
22.564	2	17	3	195	0.0228176
22.569	2	22	3	309	0.0163026
22.575	2	30	3	58	0.0150086
22.601	2	5	3	97	0.0148586
22.605	2	2	3	494	0.0175246
22.676	2	3	3	369	0.0166216
22.688	2	1	3	429	0.0176896
22.707	2	15	3	139	0.0147256
22.747	2	19	3	368	0.0166466
22.767	2	5	3	97	0.0148586
22.817	2	1	3	429	0.0176896
22.875	2	8	3	81	0.0146946
22.933	2	5	3	97	0.0148586
22.946	2	1	3	429	0.0176896
23.017	2	20	3	252	0.0158436
23.075	2	1	3	429	0.0176896
23.099	2	5	3	97	0.0148586
23.188	2	24	3	33	0.00829956
23.204	2	1	3	429	0.0176896
23.205	2	23	3	52	0.0162486
23.225	2	22	3	309	0.0163026
23.237	2	13	3	286	0.0168596
23.265	2	5	3	97	0.0148586
23.286	2	15	3	139	0.0147256
23.333	2	1	3	429	0.0176896
23.358	2	21	3	476	0.0171976
23.431	2	5	3	97	0.0148586
23.462	2	1	3	429	0.0176896
23.469	2	18	3	447	0.0193656
23.591	2	1	3	429	0.0176896
23.598	2	5	3	97	0.0158586
23.634	2	7	3	438	0.0172376
23.72	2	1	3	429	0.0176896
23.763	2	5	3	97	0.0148586
23.849	2	1	3	429	0.0176896
23.865	2	15	3	139	0.0147256
23.881	2	22	3	309	0.0163026
23.904	2	16	3	486	0.0179806
23.929	2	5	3	97	0.0148586
23.956	2	24	3	33	0.00829956
23.978	2	1	3	429	0.0176896
24.035	2	4	3	186	0.0157866
24.071	2	25	3	473	0.0176556
24.095	2	5	3	97	0.0148586
24.107	2	1	3	429	0.0176896
24.153	2	17	3	195	0.0158176
24.175	2	30	3	58	0.0150086
24.236	2	1	3	429	0.0176896
24.261	2	5	3	97	0.0148586
24.365	2	1	3	429	0.0176896
24.382	2	12	3	313	0.0163546
24.427	2	5	3	97	0.0148586
24.444	2	15	3	139	0.0147256
24.494	2	1	3	429	0.0176896
24.537	2	22	3	309	0.0163026
24.54	2	26	3	270	0.0160356
24.546	2	3	3	369	0.0166216
24.593	2	5	3	97	0.0148586
24.623	2	1	3	429	0.0176896
24.656	2	9	3	476	0.0174966
24.724	2	24	3	33	0.00829956
24.752	2	1	3	429	0.0176896
24.759	2	5	3	97	0.0148586
24.768	2	20	3	252	0.0158436
24.78	2	11	3	356	0.0161406
24.881	2	1	3	429	0.0176896
24.925	2	5	3	97	0.0148586
25.01	2	1	3	429	0.0176896
25.02	2	18	3	447	0.0193656
25.023	2	15	3	139	0.0147256
25.091	2	5	3	97	0.0148586
25.101	2	7	3	438	0.0172376
25.139	2	1	3	429	0.0176896
25.169	2	14	3	333	0.0165136
25.193	2	22	3	309	0.0163026
25.257	2	5	3	97	0.0148586
25.268	2	1	3	429	0.0176896
25.397	2	1	3	429	0.0176896
25.423	2	5	3	97	0.0148586
25.492	2	24	3	33	0.00829956
25.5	2	23	3	52	0.0142486
25.526	2	1	3	429	0.0176896
25.546	2	10	3	497	0.0171106
25.559	2	19	3	368	0.0166466
25.569	2	6	3	247	0.0159366
25.589	2	5	3	97	0.0148586
25.602	2	15	3	139	0.0147256
25.655	2	1	3	429	0.0176896
25.715	2	8	3	81	0.0146946
25.749	2	17	3	195	0.0158176
25.755	2	5	3	97	0.0148586
25.775	2	30	3	58	0.0150086
25.784	2	1	3	429	0.0176896
25.849	2	22	3	309	0.0163026
25.913	2	1	3	429	0.0176896
25.921	2	5	3	97	0.0148586
26.015	2	27	3	228	0.0151156
26.042	2	1	3	429	0.0176896
26.087	2	5	3	97	0.0148586
26.111	2	29	3	389	0.0164986
26.171	2	1	3	429	0.0176896
26.182	2	15	3	139	0.0157256
26.253	2	5	3	97	0.0148586
26.26	2	24	3	33	0.00829956
26.3	2	1	3	429	0.0176896
26.336	2	2	3	494	0.0175246
26.416	2	3	3	369	0.0166216
26.419	2	5	3	97	0.0148586
26.429	2	1	3	429	0.0176896
26.463	2	25	3	473	0.0176556
26.505	2	22	3	309	0.0163026
26.519	2	20	3	252	0.0158436
26.558	2	1	3	429	0.0176896
26.568	2	7	3	438	0.0172376
26.575	2	18	3	447	0.0233656
26.585	2	5	3	97	0.0148586
26.687	2	1	3	429	0.0176896
26.751	2	5	3	97	0.0148586
26.76	2	15	3	139	0.0147256
26.816	2	1	3	429	0.0176896
26.862	2	16	3	486	0.0179806
26.917	2	5	3	97	0.0148586
26.945	2	1	3	429	0.0176896
27.017	2	4	3	186	0.0157866
27.028	2	24	3	33	0.00829956
27.066	2	13	3	286	0.0168596
27.074	2	1	3	429	0.0176896
27.085	2	5	3	97	0.0168586
27.161	2	22	3	309	0.0163026
27.203	2	1	3	429	0.0176896
27.249	2	5	3	97	0.0148586
27.332	2	1	3	429	0.0176896
27.339	2	15	3	139	0.0147256
27.345	2	17	3	195	0.0158176
27.375	2	30	3	58	0.0150086
27.415	2	5	3	97	0.0148586
27.461	2	1	3	429	0.0176896
27.572	2	26	3	270	0.0150356
27.581	2	5	3	97	0.0148586
27.59	2	1	3	429	0.0176896
27.719	2	1	3	429	0.0176896
27.747	2	5	3	97	0.0148586
27.796	2	24	3	33	0.00829956
27.797	2	23	3	52	0.0142486
27.817	2	22	3	309	0.0163026
27.848	2	1	3	429	0.0176896
27.913	2	5	3	97	0.0148586
27.918	2	15	3	139	0.0147256
27.942	2	14	3	333	0.0165136
27.977	2	1	3	429	0.0176896
27.991	2	21	3	476	0.0191976
28.035	2	7	3	438	0.0172376
28.079	2	5	3	97	0.0148586
28.106	2	1	3	429	0.0176896
28.12	2	18	3	447	0.0173656
28.235	2	1	3	429	0.0176896
28.246	2	5	3	97	0.0158586
28.27	2	20	3	252	0.0158436
28.286	2	3	3	369	0.0166216
28.364	2	1	3	429	0.0176896
28.373	2	19	3	368	0.0186466
28.411	2	5	3	97	0.0148586
28.423	2	12	3	313	0.0163546
28.473	2	22	3	309	0.0163026
28.493	2	1	3	429	0.0176896
28.5	2	15	3	139	0.0177256
28.555	2	8	3	81	0.0146946
28.564	2	24	3	33	0.00829956
28.577	2	5	3	97	0.0148586
28.622	2	1	3	429	0.0176896
28.743	2	5	3	97	0.0148586
28.751	2	1	3	429	0.0176896
28.855	2	25	3	473	0.0176556
28.88	2	1	3	429	0.0176896
28.909	2	5	3	97	0.0148586
28.941	2	17	3	195	0.0158176
28.975	2	30	3	58	0.0150086
29.009	2	1	3	429	0.0176896
29.075	2	5	3	97	0.0148586
29.076	2	15	3	139	0.0147256
29.129	2	22	3	309	0.0163026
29.138	2	1	3	429	0.0176896
29.241	2	5	3	97	0.0148586
29.267	2	1	3	429	0.0176896
29.332	2	24	3	33	0.00829956
29.396	2	1	3	429	0.0176896
29.407	2	5	3	97	0.0148586
29.502	2	7	3	438	0.0172376
29.525	2	1	3	429	0.0176896
29.547	2	9	3	476	0.0174966
29.573	2	5	3	97	0.0148586
29.654	2	1	3	429	0.0176896
29.656	2	15	3	139	0.0157256
29.671	2	18	3	447	0.0173656
29.693	2	27	3	228	0.0151156
29.699	2	11	3	356	0.0161406
29.739	2	5	3	97	0.0148586
29.773	2	10	3	497	0.0171106
29.783	2	1	3	429	0.0176896
29.788	2	22	3	309	0.0193026
29.796	2	6	3	247	0.0229366
29.82	2	16	3	486	0.0179806
29.822	2	29	3	389	0.0214986
29.905	2	5	3	97	0.0148586
29.912	2	1	3	429	0.0176896
29.999	2	4	3	186	0.0157866
30.021	2	20	3	252	0.0158436
30.041	2	1	3	429	0.0176896
30.068	2	2	3	494	0.0185246
30.071	2	5	3	97	0.0148586
30.094	2	23	3	52	0.0142486
30.1	2	24	3	33	0.00829956
30.156	2	3	3	369	0.0166216
30.17	2	1	3	429	0.0176896
30.234	2	15	3	139	0.0147256
30.237	2	5	3	97	0.0148586
30.299	2	1	3	429	0.0176896
30.403	2	5	3	97	0.0148586
30.428	2	1	3	429	0.0176896
30.441	2	22	3	309	0.0163026
30.537	2	17	3	195	0.0158176
30.557	2	1	3	429	0.0176896
30.569	2	5	3	97	0.0148586
30.575	2	30	3	58	0.0150086
30.605	2	26	3	270	0.0150356
30.686	2	1	3	429	0.0176896
30.715	2	14	3	333	0.0165136
30.735	2	5	3	97	0.0148586
30.815	2	1	3	429	0.0176896
30.817	2	15	3	139	0.0187256
30.868	2	24	3	33	0.00829956
30.894	2	13	3	286	0.0158596
30.901	2	5	3	97	0.0148586
30.944	2	1	3	429	0.0176896
30.969	2	7	3	438	0.0172376
31.067	2	5	3	97	0.0148586
31.073	2	1	3	429	0.0176896
31.097	2	22	3	309	0.0163026
31.183	2	19	3	368	0.0166466
31.202	2	1	3	429	0.0176896
31.222	2	18	3	447	0.0173656
31.233	2	5	3	97	0.0148586
31.247	2	25	3	473	0.0176556
31.331	2	1	3	429	0.0176896
31.392	2	15	3	139	0.0147256
31.395	2	8	3	81	0.0146946
31.399	2	5	3	97	0.0148586
31.46	2	1	3	429	0.0176896
31.565	2	5	3	97	0.0148586
31.589	2	1	3	429	0.0176896
31.636	2	24	3	33	0.00829956
31.718	2	1	3	429	0.0176896
31.731	2	5	3	97	0.0148586
31.753	2	22	3	309	0.0163026
31.772	2	20	3	252	0.0158436
31.847	2	1	3	429	0.0176896
31.897	2	5	3	97	0.0148586
31.971	2	15	3	139	0.0147256
31.976	2	1	3	429	0.0176896
32.026	2	3	3	369	0.0166216
32.063	2	5	3	97	0.0148586
32.105	2	1	3	429	0.0176896
32.133	2	17	3	195	0.0158176
32.175	2	30	3	58	0.0150086
32.229	2	5	3	97	0.0148586
32.234	2	1	3	429	0.0176896
32.391	2	23	3	52	0.0142486
32.395	2	5	3	97	0.0148586
32.404	2	24	3	33	0.00829956
32.409	2	22	3	309	0.0163026
32.436	2	7	3	438	0.0172376
32.464	2	12	3	313	0.0163546
32.55	2	15	3	139	0.0147256
32.561	2	5	3	97	0.0148586
32.62	2	21	3	476	0.0171976
32.727	2	5	3	97	0.0148586
32.773	2	18	3	447	0.0173656
32.78	2	16	3	486	0.0199806
32.893	2	5	3	97	0.0148586
32.981	2	4	3	186	0.0157866
33.059	2	5	3	97	0.0148586
33.065	2	22	3	309	0.0163026
33.129	2	15	3	139	0.0147256
33.172	2	24	3	33	0.00829956
33.225	2	5	3	97	0.0148586
33.371	2	27	3	228	0.0151156
33.391	2	5	3	97	0.0148586
33.488	2	14	3	333	0.0165136
33.523	2	20	3	252	0.0158436
33.526	2	29	3	389	0.0194986
33.557	2	5	3	97	0.0148586
33.639	2	25	3	473	0.0176556
33.645	2	26	3	270	0.0220356
33.708	2	15	3	139	0.0147256
33.721	2	22	3	309	0.0163026
33.723	2	5	3	97	0.0148586
33.729	2	17	3	195	0.0158176
33.775	2	30	3	58	0.0150086
33.798	2	2	3	494	0.0175246
33.889	2	5	3	97	0.0148586
33.897	2	3	3	369	0.0176216
33.903	2	7	3	438	0.0172376
33.94	2	24	3	33	0.00829956
33.995	2	19	3	368	0.0166466
34.002	2	10	3	497	0.0191106
34.013	2	6	3	247	0.0199366
34.055	2	5	3	97	0.0148586
34.221	2	5	3	97	0.0148586
34.235	2	8	3	81	0.0146946
34.287	2	15	3	139	0.0147256
34.324	2	18	3	447	0.0173656
34.377	2	22	3	309	0.0163026
34.387	2	5	3	97	0.0148586
34.438	2	9	3	476	0.0174966
34.553	2	5	3	97	0.0148586
34.618	2	11	3	356	0.0161406
34.688	2	23	3	52	0.0142486
34.708	2	24	3	33	0.00829956
34.719	2	5	3	97	0.0148586
34.723	2	13	3	286	0.0158596
34.866	2	15	3	139	0.0147256
34.885	2	5	3	97	0.0148586
35.033	2	22	3	309	0.0163026
35.051	2	5	3	97	0.0148586
35.217	2	5	3	97	0.0148586
35.274	2	20	3	252	0.0158436
35.325	2	17	3	195	0.0158176
35.37	2	7	3	438	0.0172376
35.377	2	30	3	58	0.0170086
35.383	2	5	3	97	0.0148586
35.445	2	15	3	139	0.0147256
35.476	2	24	3	33	0.00829956
35.549	2	5	3	97	0.0148586
35.689	2	22	3	309	0.0163026
35.715	2	5	3	97	0.0148586
35.736	2	16	3	486	0.0179806
35.766	2	3	3	369	0.0166216
35.875	2	18	3	447	0.0173656
35.881	2	5	3	97	0.0148586
35.963	2	4	3	186	0.0157866
36.024	2	15	3	139	0.0147256
36.031	2	25	3	473	0.0176556
36.047	2	5	3	97	0.0148586
36.213	2	5	3	97	0.0148586
36.244	2	24	3	33	0.00829956
36.261	2	14	3	333	0.0165136
36.345	2	22	3	309	0.0163026
36.379	2	5	3	97	0.0148586
36.505	2	12	3	313	0.0163546
36.545	2	5	3	97	0.0148586
36.603	2	15	3	139	0.0147256
36.671	2	26	3	270	0.0150356
36.711	2	5	3	97	0.0148586
36.807	2	19	3	368	0.0166466
36.837	2	7	3	438	0.0172376
36.877	2	5	3	97	0.0148586
36.921	2	17	3	195	0.0158176
36.975	2	30	3	58	0.0150086
36.985	2	23	3	52	0.0142486
37.001	2	22	3	309	0.0163026
37.012	2	24	3	33	0.00829956
37.025	2	20	3	252	0.0158436
37.043	2	5	3	97	0.0148586
37.049	2	27	3	228	0.0151156
37.075	2	8	3	81	0.0146946
37.182	2	15	3	139	0.0147256
37.209	2	5	3	97	0.0148586
37.229	2	29	3	389	0.0164986
37.251	2	21	3	476	0.0171976
37.375	2	5	3	97	0.0148586
37.426	2	18	3	447	0.0173656
37.529	2	2	3	494	0.0175246
37.541	2	5	3	97	0.0148586
37.636	2	3	3	369	0.0166216
37.657	2	22	3	309	0.0163026
37.707	2	5	3	97	0.0148586
37.761	2	15	3	139	0.0147256
37.78	2	24	3	33	0.00829956
37.873	2	5	3	97	0.0148586
38.039	2	5	3	97	0.0148586
38.205	2	5	3	97	0.0148586
38.227	2	10	3	497	0.0171106
38.233	2	6	3	247	0.0199366
38.304	2	7	3	438	0.0172376
38.313	2	22	3	309	0.0163026
38.34	2	15	3	139	0.0147256
38.371	2	5	3	97	0.0148586
38.423	2	25	3	473	0.0176556
38.517	2	17	3	195	0.0158176
38.537	2	5	3	97	0.0148586
38.548	2	24	3	33	0.00829956
38.552	2	13	3	286	0.0158596
38.575	2	30	3	58	0.0150086
38.694	2	16	3	486	0.0179806
38.703	2	5	3	97	0.0148586
38.776	2	20	3	252	0.0158436
38.869	2	5	3	97	0.0148586
38.919	2	15	3	139	0.0147256
38.945	2	4	3	186	0.0157866
38.969	2	22	3	309	0.0163026
38.978	2	18	3	447	0.0183656
39.034	2	14	3	333	0.0165136
39.035	2	5	3	97	0.0148586
39.201	2	5	3	97	0.0148586
39.282	2	23	3	52	0.0142486
39.316	2	24	3	33	0.00829956
39.329	2	9	3	476	0.0174966
39.367	2	5	3	97	0.0148586
39.498	2	15	3	139	0.0147256
39.507	2	3	3	369	0.0176216
39.533	2	5	3	97	0.0148586
39.537	2	11	3	356	0.0161406
39.62	2	19	3	368	0.0176466
39.625	2	22	3	309	0.0163026
39.699	2	5	3	97	0.0148586
39.704	2	26	3	270	0.0150356
39.771	2	7	3	438	0.0172376
39.865	2	5	3	97	0.0148586
39.915	2	8	3	81	0.0146946
40.031	2	5	3	97	0.0148586
40.077	2	15	3	139	0.0147256
40.084	2	24	3	33	0.00829956
40.113	2	17	3	195	0.0158176
40.175	2	30	3	58	0.0150086
40.197	2	5	3	97	0.0148586
40.281	2	22	3	309	0.0163026
40.363	2	5	3	97	0.0148586
40.528	2	18	3	447	0.0173656
40.529	2	5	3	97	0.0148586
40.534	2	20	3	252	0.0228436
40.546	2	12	3	313	0.0163546
40.656	2	15	3	139	0.0147256
40.695	2	5	3	97	0.0148586
40.727	2	27	3	228	0.0151156
40.815	2	25	3	473	0.0176556
40.852	2	24	3	33	0.00829956
40.861	2	5	3	97	0.0148586
40.937	2	22	3	309	0.0163026
40.938	2	29	3	389	0.0194986
41.027	2	5	3	97	0.0148586
41.193	2	5	3	97	0.0148586
41.235	2	15	3	139	0.0147256
41.239	2	7	3	438	0.0182376
41.26	2	2	3	494	0.0175246
41.359	2	5	3	97	0.0148586
41.376	2	3	3	369	0.0166216
41.579	2	23	3	52	0.0142486
41.593	2	22	3	309	0.0163026
41.62	2	24	3	33	0.00829956
41.652	2	16	3	486	0.0179806
41.709	2	17	3	195	0.0158176
41.775	2	30	3	58	0.0150086
41.807	2	14	3	333	0.0165136
41.814	2	15	3	139	0.0147256
41.882	2	21	3	476	0.0171976
41.927	2	4	3	186	0.0157866
42.079	2	18	3	447	0.0173656
42.249	2	22	3	309	0.0163026
42.278	2	20	3	252	0.0158436
42.381	2	13	3	286	0.0158596
42.388	2	24	3	33	0.00829956
42.393	2	15	3	139	0.0147256
42.431	2	19	3	368	0.0166466
42.449	2	6	3	247	0.0159366
42.454	2	10	3	497	0.0171106
42.705	2	7	3	438	0.0172376
42.737	2	26	3	270	0.0150356
42.755	2	8	3	81	0.0146946
42.905	2	22	3	309	0.0163026
42.972	2	15	3	139	0.0147256
43.156	2	24	3	33	0.00829956
43.207	2	25	3	473	0.0176556
43.246	2	3	3	369	0.0166216
43.305	2	17	3	195	0.0158176
43.375	2	30	3	58	0.0150086
43.551	2	15	3	139	0.0147256
43.561	2	22	3	309	0.0163026
43.63	2	18	3	447	0.0173656
43.876	2	23	3	52	0.0142486
43.924	2	24	3	33	0.00829956
44.029	2	20	3	252	0.0158436
44.13	2	15	3	139	0.0147256
44.172	2	7	3	438	0.0172376
44.217	2	22	3	309	0.0163026
44.22	2	9	3	476	0.0174966
44.405	2	27	3	228	0.0151156
44.456	2	11	3	356	0.0161406
44.58	2	14	3	333	0.0165136
44.589	2	12	3	313	0.0183546
44.61	2	16	3	486	0.0179806
44.641	2	29	3	389	0.0164986
44.692	2	24	3	33	0.00829956
44.709	2	15	3	139	0.0147256
44.873	2	22	3	309	0.0163026
44.901	2	17	3	195	0.0158176
44.909	2	4	3	186	0.0157866
44.975	2	30	3	58	0.0150086
44.991	2	2	3	494	0.0175246
45.116	2	3	3	369	0.0166216
45.181	2	18	3	447	0.0173656
45.243	2	19	3	368	0.0166466
45.288	2	15	3	139	0.0147256
45.46	2	24	3	33	0.00829956
45.529	2	22	3	309	0.0163026
45.595	2	8	3	81	0.0146946
45.599	2	25	3	473	0.0176556
45.639	2	7	3	438	0.0172376
45.77	2	26	3	270	0.0150356
45.78	2	20	3	252	0.0158436
45.867	2	15	3	139	0.0147256
46.173	2	23	3	52	0.0142486
46.185	2	22	3	309	0.0163026
46.21	2	13	3	286	0.0158596
46.228	2	24	3	33	0.00829956
46.446	2	15	3	139	0.0147256
46.497	2	17	3	195	0.0158176
46.513	2	21	3	476	0.0171976
46.575	2	30	3	58	0.0150086
46.669	2	6	3	247	0.0159366
46.681	2	10	3	497	0.0171106
46.732	2	18	3	447	0.0173656
46.841	2	22	3	309	0.0163026
46.986	2	3	3	369	0.0166216
46.996	2	24	3	33	0.00829956
47.025	2	15	3	139	0.0147256
47.106	2	7	3	438	0.0172376
47.353	2	14	3	333	0.0165136
47.497	2	22	3	309	0.0163026
47.531	2	20	3	252	0.0158436
47.568	2	16	3	486	0.0179806
47.604	2	15	3	139	0.0147256
47.764	2	24	3	33	0.00829956
47.891	2	4	3	186	0.0157866
47.991	2	25	3	473	0.0176556
48.055	2	19	3	368	0.0166466
48.083	2	27	3	228	0.0151156
48.093	2	17	3	195	0.0158176
48.153	2	22	3	309	0.0163026
48.175	2	30	3	58	0.0150086
48.183	2	15	3	139	0.0147256
48.283	2	18	3	447	0.0173656
48.347	2	29	3	389	0.0164986
48.435	2	8	3	81	0.0146946
48.47	2	23	3	52	0.0142486
48.532	2	24	3	33	0.00829956
48.573	2	7	3	438	0.0172376
48.628	2	12	3	313	0.0163546
48.722	2	2	3	494	0.0175246
48.762	2	15	3	139	0.0147256
48.803	2	26	3	270	0.0150356
48.809	2	22	3	309	0.0163026
48.856	2	3	3	369	0.0166216
49.111	2	9	3	476	0.0174966
49.282	2	20	3	252	0.0158436
49.3	2	24	3	33	0.00829956
49.341	2	15	3	139	0.0147256
49.375	2	11	3	356	0.0161406
49.465	2	22	3	309	0.0163026
49.689	2	17	3	195	0.0158176
49.775	2	30	3	58	0.0150086
49.834	2	18	3	447	0.0173656
49.92	2	15	3	139	0.0147256
50.04	2	7	3	438	0.0172376
50.045	2	13	3	286	0.0218596
50.068	2	24	3	33	0.00829956
50.121	2	22	3	309	0.0163026
50.127	2	14	3	333	0.0175136
50.383	2	25	3	473	0.0176556
50.499	2	15	3	139	0.0147256
50.526	2	16	3	486	0.0179806
50.726	2	3	3	369	0.0166216
50.767	2	23	3	52	0.0142486
50.777	2	22	3	309	0.0163026
50.836	2	24	3	33	0.00829956
50.867	2	19	3	368	0.0166466
50.875	2	4	3	186	0.0177866
50.889	2	6	3	247	0.0159366
50.908	2	10	3	497	0.0171106
51.033	2	20	3	252	0.0158436
51.078	2	15	3	139	0.0147256
51.144	2	21	3	476	0.0171976
51.275	2	8	3	81	0.0146946
51.285	2	17	3	195	0.0158176
51.375	2	30	3	58	0.0150086
51.385	2	18	3	447	0.0173656
51.433	2	22	3	309	0.0163026
51.507	2	7	3	438	0.0172376
51.604	2	24	3	33	0.00829956
51.657	2	15	3	139	0.0147256
51.761	2	27	3	228	0.0151156
51.836	2	26	3	270	0.0150356
52.053	2	29	3	389	0.0164986
52.089	2	22	3	309	0.0163026
52.236	2	15	3	139	0.0147256
52.372	2	24	3	33	0.00829956
52.453	2	2	3	494	0.0175246
52.596	2	3	3	369	0.0166216
52.669	2	12	3	313	0.0163546
52.745	2	22	3	309	0.0163026
52.775	2	25	3	473	0.0176556
52.784	2	20	3	252	0.0158436
52.815	2	15	3	139	0.0147256
52.881	2	17	3	195	0.0158176
52.899	2	14	3	333	0.0165136
52.936	2	18	3	447	0.0173656
52.974	2	7	3	438	0.0172376
52.975	2	30	3	58	0.0150086
53.064	2	23	3	52	0.0142486
53.14	2	24	3	33	0.00829956
53.394	2	15	3	139	0.0147256
53.401	2	22	3	309	0.0163026
53.484	2	16	3	486	0.0179806
53.679	2	19	3	368	0.0166466
53.855	2	4	3	186	0.0157866
53.868	2	13	3	286	0.0158596
53.908	2	24	3	33	0.00829956
53.973	2	15	3	139	0.0147256
54.002	2	9	3	476	0.0174966
54.057	2	22	3	309	0.0163026
54.115	2	8	3	81	0.0146946
54.294	2	11	3	356	0.0161406
54.441	2	7	3	438	0.0172376
54.466	2	3	3	369	0.0166216
54.479	2	17	3	195	0.0178176
54.487	2	18	3	447	0.0173656
54.535	2	20	3	252	0.0158436
54.552	2	15	3	139	0.0147256
54.575	2	30	3	58	0.0150086
54.676	2	24	3	33	0.00829956
54.713	2	22	3	309	0.0163026
54.869	2	26	3	270	0.0150356
55.109	2	6	3	247	0.0159366
55.131	2	15	3	139	0.0147256
55.135	2	10	3	497	0.0171106
55.167	2	25	3	473	0.0176556
55.361	2	23	3	52	0.0142486
55.369	2	22	3	309	0.0163026
55.439	2	27	3	228	0.0151156
55.444	2	24	3	33	0.00829956
55.672	2	14	3	333	0.0165136
55.71	2	15	3	139	0.0147256
55.759	2	29	3	389	0.0164986
55.775	2	21	3	476	0.0171976
55.908	2	7	3	438	0.0172376
56.025	2	22	3	309	0.0163026
56.039	2	18	3	447	0.0183656
56.073	2	17	3	195	0.0158176
56.175	2	30	3	58	0.0150086
56.184	2	2	3	494	0.0175246
56.212	2	24	3	33	0.00829956
56.286	2	20	3	252	0.0158436
56.289	2	15	3	139	0.0147256
56.336	2	3	3	369	0.0166216
56.442	2	16	3	486	0.0179806
56.491	2	19	3	368	0.0166466
56.681	2	22	3	309	0.0163026
56.71	2	12	3	313	0.0163546
56.837	2	4	3	186	0.0157866
56.868	2	15	3	139	0.0147256
56.955	2	8	3	81	0.0146946
56.98	2	24	3	33	0.00829956
57.337	2	22	3	309	0.0163026
57.375	2	7	3	438	0.0172376
57.447	2	15	3	139	0.0147256
57.559	2	25	3	473	0.0176556
57.589	2	18	3	447	0.0173656
57.658	2	23	3	52	0.0142486
57.669	2	17	3	195	0.0158176
57.697	2	13	3	286	0.0158596
57.748	2	24	3	33	0.00829956
57.775	2	30	3	58	0.0150086
57.902	2	26	3	270	0.0150356
57.993	2	22	3	309	0.0163026
58.026	2	15	3	139	0.0147256
58.037	2	20	3	252	0.0158436
58.206	2	3	3	369	0.0166216
58.445	2	14	3	333	0.0165136
58.516	2	24	3	33	0.00829956
58.605	2	15	3	139	0.0147256
58.649	2	22	3	309	0.0163026
58.842	2	7	3	438	0.0172376
58.893	2	9	3	476	0.0174966
59.117	2	27	3	228	0.0151156
59.14	2	18	3	447	0.0173656
59.184	2	15	3	139	0.0147256
59.213	2	11	3	356	0.0161406
59.265	2	17	3	195	0.0158176
59.284	2	24	3	33	0.00829956
59.305	2	22	3	309	0.0163026
59.306	2	19	3	368	0.0196466
59.329	2	6	3	247	0.0159366
59.362	2	10	3	497	0.0171106
59.375	2	30	3	58	0.0150086
59.4	2	16	3	486	0.0179806
59.465	2	29	3	389	0.0164986
59.763	2	15	3	139	0.0147256
59.788	2	20	3	252	0.0158436
59.795	2	8	3	81	0.0146946
59.819	2	4	3	186	0.0157866
59.915	2	2	3	494	0.0175246
59.951	2	25	3	473	0.0176556
59.958	2	23	3	52	0.0172486
59.961	2	22	3	309	0.0163026
