time(s)	cellId	rnti	lcid	packetSize
0.051303	2	15	3	139
0.059674	2	12	3	313
0.073373	2	25	3	473
0.079729	2	24	3	33
0.080334	2	8	3	81
0.084791	2	7	3	438
0.088555	2	28	3	335
0.09253	2	29	3	389
0.10002	2	30	3	58
0.103242	2	4	3	186
0.106918	2	10	3	497
0.108888	2	11	3	356
0.111303	2	15	3	139
0.11617	2	5	3	97
0.119674	2	12	3	313
0.123532	2	9	3	476
0.124663	2	18	3	447
0.125831	2	21	3	476
0.133373	2	25	3	473
0.135515	2	14	3	333
0.137211	2	17	3	195
0.139729	2	24	3	33
0.140334	2	8	3	81
0.141504	2	2	3	494
0.144791	2	7	3	438
0.148555	2	28	3	335
0.15253	2	29	3	389
0.15878	2	23	3	52
0.159407	2	3	3	369
0.16002	2	30	3	58
0.162048	2	16	3	486
0.163242	2	4	3	186
0.164339	2	1	3	429
0.166918	2	10	3	497
0.168888	2	11	3	356
0.173092	2	6	3	247
0.174382	2	19	3	368
0.17617	2	5	3	97
0.178185	2	20	3	252
0.183532	2	9	3	476
0.184663	2	18	3	447
0.185831	2	21	3	476
0.186169	2	13	3	286
0.188726	2	22	3	309
0.193913	2	27	3	228
0.195515	2	14	3	333
0.197211	2	17	3	195
0.199993	2	26	3	270
0.201504	2	2	3	494
0.21878	2	23	3	52
0.219407	2	3	3	369
0.222048	2	16	3	486
0.224339	2	1	3	429
0.227555	2	28	3	335
0.233092	2	6	3	247
0.234382	2	19	3	368
0.238185	2	20	3	252
0.246169	2	13	3	286
0.248726	2	22	3	309
0.253913	2	27	3	228
0.259993	2	26	3	270
0.306555	2	28	3	335
0.34217	2	5	3	97
0.353339	2	1	3	429
0.385555	2	28	3	335
0.464555	2	28	3	335
0.482339	2	1	3	429
0.50817	2	5	3	97
0.543555	2	28	3	335
0.611339	2	1	3	429
0.622555	2	28	3	335
0.67417	2	5	3	97
0.690303	2	15	3	139
0.701555	2	28	3	335
0.740339	2	1	3	429
0.780555	2	28	3	335
0.84017	2	5	3	97
0.859555	2	28	3	335
0.869339	2	1	3	429
0.904726	2	22	3	309
0.907729	2	24	3	33
0.938555	2	28	3	335
0.998339	2	1	3	429
1.00617	2	5	3	97
1.01755	2	28	3	335
1.09655	2	28	3	335
1.12734	2	1	3	429
1.17217	2	5	3	97
1.17555	2	28	3	335
1.25456	2	28	3	335
1.25634	2	1	3	429
1.2693	2	15	3	139
1.33356	2	28	3	335
1.33817	2	5	3	97
1.38534	2	1	3	429
1.41256	2	28	3	335
1.49155	2	28	3	335
1.50417	2	5	3	97
1.51434	2	1	3	429
1.56073	2	22	3	309
1.57055	2	28	3	335
1.61179	2	7	3	438
1.64334	2	1	3	429
1.64956	2	28	3	335
1.67017	2	5	3	97
1.67573	2	24	3	33
1.72856	2	28	3	335
1.73566	2	18	3	447
1.76002	2	30	3	58
1.77234	2	1	3	429
1.79321	2	17	3	195
1.80756	2	28	3	335
1.83617	2	5	3	97
1.8483	2	15	3	139
1.88655	2	28	3	335
1.90134	2	1	3	429
1.96555	2	28	3	335
1.98918	2	20	3	252
2.00217	2	5	3	97
2.03034	2	1	3	429
2.04455	2	28	3	335
2.08941	2	3	3	369
2.12356	2	28	3	335
2.15934	2	1	3	429
2.16817	2	5	3	97
2.20255	2	28	3	335
2.21673	2	22	3	309
2.28155	2	28	3	335
2.28834	2	1	3	429
2.33417	2	5	3	97
2.36056	2	28	3	335
2.41734	2	1	3	429
2.4273	2	15	3	139
2.43955	2	28	3	335
2.44373	2	24	3	33
2.50017	2	5	3	97
2.51578	2	23	3	52
2.51856	2	28	3	335
2.52537	2	25	3	473
2.54634	2	1	3	429
2.59755	2	28	3	335
2.66617	2	5	3	97
2.67534	2	1	3	429
2.67656	2	28	3	335
2.75556	2	28	3	335
2.80434	2	1	3	429
2.83217	2	5	3	97
2.83455	2	28	3	335
2.87273	2	22	3	309
2.91356	2	28	3	335
2.93334	2	1	3	429
2.96852	2	14	3	333
2.98033	2	8	3	81
2.99255	2	28	3	335
2.99817	2	5	3	97
3.0063	2	15	3	139
3.04638	2	19	3	368
3.06234	2	1	3	429
3.07156	2	28	3	335
3.07879	2	7	3	438
3.14524	2	4	3	186
3.15056	2	28	3	335
3.16417	2	5	3	97
3.18005	2	16	3	486
3.19134	2	1	3	429
3.21173	2	24	3	33
3.22955	2	28	3	335
3.28666	2	18	3	447
3.29299	2	26	3	270
3.30856	2	28	3	335
3.32034	2	1	3	429
3.33017	2	5	3	97
3.36002	2	30	3	58
3.38755	2	28	3	335
3.38921	2	17	3	195
3.44934	2	1	3	429
3.46656	2	28	3	335
3.49617	2	5	3	97
3.52873	2	22	3	309
3.54555	2	28	3	335
3.57834	2	1	3	429
3.5853	2	15	3	139
3.62455	2	28	3	335
3.66217	2	5	3	97
3.70356	2	28	3	335
3.70734	2	1	3	429
3.74018	2	20	3	252
3.78255	2	28	3	335
3.82817	2	5	3	97
3.83634	2	1	3	429
3.85853	2	29	3	389
3.86156	2	28	3	335
3.93191	2	27	3	228
3.9325	2	2	3	494
3.94055	2	28	3	335
3.95941	2	3	3	369
3.96534	2	1	3	429
3.97973	2	24	3	33
3.99417	2	5	3	97
4.01956	2	28	3	335
4.07517	2	13	3	286
4.09434	2	1	3	429
4.09856	2	28	3	335
4.16017	2	5	3	97
4.16067	2	12	3	313
4.1643	2	15	3	139
4.17755	2	28	3	335
4.18473	2	22	3	309
4.22334	2	1	3	429
4.25655	2	28	3	335
4.32617	2	5	3	97
4.33556	2	28	3	335
4.35234	2	1	3	429
4.39392	2	10	3	497
4.41456	2	28	3	335
4.45309	2	6	3	247
4.48134	2	1	3	429
4.49217	2	5	3	97
4.49355	2	28	3	335
4.54579	2	7	3	438
4.57256	2	28	3	335
4.61034	2	1	3	429
4.65156	2	28	3	335
4.65817	2	5	3	97
4.73055	2	28	3	335
4.73934	2	1	3	429
4.7433	2	15	3	139
4.74773	2	24	3	33
4.80955	2	28	3	335
4.81278	2	23	3	52
4.81683	2	21	3	476
4.82417	2	5	3	97
4.83766	2	18	3	447
4.84073	2	22	3	309
4.86834	2	1	3	429
4.88856	2	28	3	335
4.91737	2	25	3	473
4.96002	2	30	3	58
4.96755	2	28	3	335
4.98521	2	17	3	195
4.99017	2	5	3	97
4.99734	2	1	3	429
5.04655	2	28	3	335
5.07453	2	9	3	476
5.08789	2	11	3	356
5.12556	2	28	3	335
5.12634	2	1	3	429
5.15617	2	5	3	97
5.20456	2	28	3	335
5.25534	2	1	3	429
5.28355	2	28	3	335
5.32217	2	5	3	97
5.3223	2	15	3	139
5.36256	2	28	3	335
5.38434	2	1	3	429
5.44156	2	28	3	335
5.48817	2	5	3	97
5.49118	2	20	3	252
5.49673	2	22	3	309
5.51334	2	1	3	429
5.51573	2	24	3	33
5.52055	2	28	3	335
5.59955	2	28	3	335
5.64234	2	1	3	429
5.65417	2	5	3	97
5.67856	2	28	3	335
5.74151	2	14	3	333
5.75755	2	28	3	335
5.77134	2	1	3	429
5.82017	2	5	3	97
5.82033	2	8	3	81
5.82941	2	3	3	369
5.83655	2	28	3	335
5.85838	2	19	3	368
5.90034	2	1	3	429
5.9013	2	15	3	139
5.91556	2	28	3	335
5.98617	2	5	3	97
5.99456	2	28	3	335
6.01279	2	7	3	438
6.02934	2	1	3	429
6.07355	2	28	3	335
6.12724	2	4	3	186
6.13805	2	16	3	486
6.15217	2	5	3	97
6.15256	2	28	3	335
6.15273	2	22	3	309
6.15834	2	1	3	429
6.23156	2	28	3	335
6.28373	2	24	3	33
6.28734	2	1	3	429
6.31055	2	28	3	335
6.31817	2	5	3	97
6.32599	2	26	3	270
6.38866	2	18	3	447
6.38955	2	28	3	335
6.41634	2	1	3	429
6.46856	2	28	3	335
6.4803	2	15	3	139
6.48417	2	5	3	97
6.54534	2	1	3	429
6.54756	2	28	3	335
6.56002	2	30	3	58
6.58121	2	17	3	195
6.62655	2	28	3	335
6.65017	2	5	3	97
6.67434	2	1	3	429
6.70556	2	28	3	335
6.78456	2	28	3	335
6.80334	2	1	3	429
6.80873	2	22	3	309
6.81617	2	5	3	97
6.86355	2	28	3	335
6.93234	2	1	3	429
6.94255	2	28	3	335
6.98217	2	5	3	97
7.02156	2	28	3	335
7.05173	2	24	3	33
7.0593	2	15	3	139
7.06134	2	1	3	429
7.10055	2	28	3	335
7.10978	2	23	3	52
7.14817	2	5	3	97
7.17955	2	28	3	335
7.19034	2	1	3	429
7.24219	2	20	3	252
7.25856	2	28	3	335
7.30937	2	25	3	473
7.31417	2	5	3	97
7.31934	2	1	3	429
7.33756	2	28	3	335
7.41655	2	28	3	335
7.44834	2	1	3	429
7.46473	2	22	3	309
7.47979	2	7	3	438
7.48017	2	5	3	97
7.49556	2	28	3	335
7.56453	2	29	3	389
7.57456	2	28	3	335
7.57734	2	1	3	429
7.60991	2	27	3	228
7.6383	2	15	3	139
7.64617	2	5	3	97
7.65355	2	28	3	335
7.6635	2	2	3	494
7.69941	2	3	3	369
7.70634	2	1	3	429
7.73255	2	28	3	335
7.81156	2	28	3	335
7.81217	2	5	3	97
7.81973	2	24	3	33
7.83534	2	1	3	429
7.89055	2	28	3	335
7.90417	2	13	3	286
7.93966	2	18	3	447
7.96434	2	1	3	429
7.96955	2	28	3	335
7.97817	2	5	3	97
8.04856	2	28	3	335
8.09334	2	1	3	429
8.12073	2	22	3	309
8.12755	2	28	3	335
8.14417	2	5	3	97
8.16002	2	30	3	58
8.17721	2	17	3	195
8.20167	2	12	3	313
8.20655	2	28	3	335
8.2173	2	15	3	139
8.22234	2	1	3	429
8.28556	2	28	3	335
8.31017	2	5	3	97
8.35134	2	1	3	429
8.36455	2	28	3	335
8.44355	2	28	3	335
8.47617	2	5	3	97
8.48034	2	1	3	429
8.51451	2	14	3	333
8.52256	2	28	3	335
8.58773	2	24	3	33
8.60155	2	28	3	335
8.60934	2	1	3	429
8.62092	2	10	3	497
8.64217	2	5	3	97
8.66033	2	8	3	81
8.67038	2	19	3	368
8.67309	2	6	3	247
8.68056	2	28	3	335
8.73834	2	1	3	429
8.75956	2	28	3	335
8.77673	2	22	3	309
8.7963	2	15	3	139
8.80817	2	5	3	97
8.83855	2	28	3	335
8.86734	2	1	3	429
8.91756	2	28	3	335
8.94679	2	7	3	438
8.97417	2	5	3	97
8.99319	2	20	3	252
8.99634	2	1	3	429
8.99656	2	28	3	335
9.07555	2	28	3	335
9.09605	2	16	3	486
9.10924	2	4	3	186
9.12534	2	1	3	429
9.14017	2	5	3	97
9.15456	2	28	3	335
9.23356	2	28	3	335
9.25434	2	1	3	429
9.30617	2	5	3	97
9.31255	2	28	3	335
9.35573	2	24	3	33
9.35899	2	26	3	270
9.3753	2	15	3	139
9.38334	2	1	3	429
9.39156	2	28	3	335
9.40678	2	23	3	52
9.43273	2	22	3	309
9.44783	2	21	3	476
9.47055	2	28	3	335
9.47217	2	5	3	97
9.49066	2	18	3	447
9.51234	2	1	3	429
9.54955	2	28	3	335
9.56941	2	3	3	369
9.62856	2	28	3	335
9.63817	2	5	3	97
9.64134	2	1	3	429
9.70137	2	25	3	473
9.70755	2	28	3	335
9.76002	2	30	3	58
9.77034	2	1	3	429
9.77321	2	17	3	195
9.78655	2	28	3	335
9.80417	2	5	3	97
9.86556	2	28	3	335
9.89934	2	1	3	429
9.94455	2	28	3	335
9.9543	2	15	3	139
9.96553	2	9	3	476
9.97017	2	5	3	97
10.0069	2	11	3	356
10.0236	2	28	3	335
10.0283	2	1	3	429
10.0887	2	22	3	309
10.1026	2	28	3	335
10.1237	2	24	3	33
10.1362	2	5	3	97
10.1573	2	1	3	429
10.1816	2	28	3	335
10.2606	2	28	3	335
10.2863	2	1	3	429
10.3022	2	5	3	97
10.3396	2	28	3	335
10.4138	2	7	3	438
10.4153	2	1	3	429
10.4186	2	28	3	335
10.4682	2	5	3	97
10.4976	2	28	3	335
10.5333	2	15	3	139
10.5443	2	1	3	429
10.5766	2	28	3	335
10.6342	2	5	3	97
10.6556	2	28	3	335
10.6733	2	1	3	429
10.7346	2	28	3	335
10.7442	2	20	3	252
10.7447	2	22	3	309
10.8002	2	5	3	97
10.8023	2	1	3	429
10.8136	2	28	3	335
10.8917	2	24	3	33
10.8926	2	28	3	335
10.9313	2	1	3	429
10.9662	2	5	3	97
10.9716	2	28	3	335
11.0417	2	18	3	447
11.0506	2	28	3	335
11.0603	2	1	3	429
11.1123	2	15	3	139
11.1296	2	28	3	335
11.1322	2	5	3	97
11.1893	2	1	3	429
11.2086	2	28	3	335
11.2705	2	29	3	389
11.2875	2	14	3	333
11.2876	2	28	3	335
11.2879	2	27	3	228
11.2982	2	5	3	97
11.3183	2	1	3	429
11.36	2	30	3	58
11.3666	2	28	3	335
11.3692	2	17	3	195
11.3945	2	2	3	494
11.4007	2	22	3	309
11.4394	2	3	3	369
11.4456	2	28	3	335
11.4473	2	1	3	429
11.4642	2	5	3	97
11.4824	2	19	3	368
11.5003	2	8	3	81
11.5246	2	28	3	335
11.5763	2	1	3	429
11.6036	2	28	3	335
11.6302	2	5	3	97
11.6597	2	24	3	33
11.6826	2	28	3	335
11.6913	2	15	3	139
11.7038	2	23	3	52
11.7053	2	1	3	429
11.7332	2	13	3	286
11.7616	2	28	3	335
11.7962	2	5	3	97
11.8343	2	1	3	429
11.8406	2	28	3	335
11.8808	2	7	3	438
11.9196	2	28	3	335
11.9622	2	5	3	97
11.9633	2	1	3	429
11.9986	2	28	3	335
12.054	2	16	3	486
12.0567	2	22	3	309
12.0776	2	28	3	335
12.0912	2	4	3	186
12.0923	2	1	3	429
12.0934	2	25	3	473
12.1282	2	5	3	97
12.1566	2	28	3	335
12.2213	2	1	3	429
12.2356	2	28	3	335
12.2427	2	12	3	313
12.2703	2	15	3	139
12.2942	2	5	3	97
12.3146	2	28	3	335
12.3503	2	1	3	429
12.392	2	26	3	270
12.3936	2	28	3	335
12.4277	2	24	3	33
12.4602	2	5	3	97
12.4726	2	28	3	335
12.4793	2	1	3	429
12.4952	2	20	3	252
12.5516	2	28	3	335
12.5927	2	18	3	447
12.6083	2	1	3	429
12.6262	2	5	3	97
12.6306	2	28	3	335
12.7096	2	28	3	335
12.7127	2	22	3	309
12.7373	2	1	3	429
12.7886	2	28	3	335
12.7922	2	5	3	97
12.8479	2	10	3	497
12.8493	2	15	3	139
12.8663	2	1	3	429
12.8676	2	28	3	335
12.8931	2	6	3	247
12.9466	2	28	3	335
12.9582	2	5	3	97
12.96	2	30	3	58
12.9652	2	17	3	195
12.9953	2	1	3	429
13.0256	2	28	3	335
13.1046	2	28	3	335
13.1242	2	5	3	97
13.1243	2	1	3	429
13.1836	2	28	3	335
13.1957	2	24	3	33
13.2533	2	1	3	429
13.2626	2	28	3	335
13.2902	2	5	3	97
13.3094	2	3	3	369
13.3416	2	28	3	335
13.3478	2	7	3	438
13.3687	2	22	3	309
13.3823	2	1	3	429
13.4206	2	28	3	335
13.4283	2	15	3	139
13.4562	2	5	3	97
13.4996	2	28	3	335
13.5113	2	1	3	429
13.5786	2	28	3	335
13.6222	2	5	3	97
13.6403	2	1	3	429
13.6576	2	28	3	335
13.7366	2	28	3	335
13.7693	2	1	3	429
13.7882	2	5	3	97
13.8156	2	28	3	335
13.8946	2	28	3	335
13.8983	2	1	3	429
13.9542	2	5	3	97
13.9637	2	24	3	33
13.9736	2	28	3	335
14.0008	2	23	3	52
14.0073	2	15	3	139
14.0247	2	22	3	309
14.0273	2	1	3	429
14.0526	2	28	3	335
14.0605	2	14	3	333
14.0788	2	21	3	476
14.1202	2	5	3	97
14.1316	2	28	3	335
14.1437	2	18	3	447
14.1563	2	1	3	429
14.2106	2	28	3	335
14.2462	2	20	3	252
14.2853	2	1	3	429
14.2862	2	5	3	97
14.2896	2	28	3	335
14.2944	2	19	3	368
14.3403	2	8	3	81
14.3686	2	28	3	335
14.4143	2	1	3	429
14.4476	2	28	3	335
14.4522	2	5	3	97
14.4854	2	25	3	473
14.5266	2	28	3	335
14.5433	2	1	3	429
14.56	2	30	3	58
14.5612	2	17	3	195
14.5863	2	15	3	139
14.6056	2	28	3	335
14.6182	2	5	3	97
14.6723	2	1	3	429
14.6807	2	22	3	309
14.6846	2	28	3	335
14.7317	2	24	3	33
14.7636	2	28	3	335
14.7842	2	5	3	97
14.8013	2	1	3	429
14.8148	2	7	3	438
14.8426	2	28	3	335
14.8565	2	9	3	476
14.9216	2	28	3	335
14.9259	2	11	3	356
14.9303	2	1	3	429
14.9502	2	5	3	97
14.9659	2	27	3	228
14.9765	2	29	3	389
15.0006	2	28	3	335
15.012	2	16	3	486
15.0593	2	1	3	429
15.0732	2	4	3	186
15.0796	2	28	3	335
15.1162	2	5	3	97
15.1255	2	2	3	494
15.1586	2	28	3	335
15.1653	2	15	3	139
15.1794	2	3	3	369
15.1883	2	1	3	429
15.2376	2	28	3	335
15.2822	2	5	3	97
15.3166	2	28	3	335
15.3173	2	1	3	429
15.3367	2	22	3	309
15.3956	2	28	3	335
15.425	2	26	3	270
15.4463	2	1	3	429
15.4482	2	5	3	97
15.4746	2	28	3	335
15.4997	2	24	3	33
15.5536	2	28	3	335
15.5622	2	13	3	286
15.5753	2	1	3	429
15.6142	2	5	3	97
15.6326	2	28	3	335
15.6947	2	18	3	447
15.7043	2	1	3	429
15.7116	2	28	3	335
15.7443	2	15	3	139
15.7802	2	5	3	97
15.7906	2	28	3	335
15.8333	2	1	3	429
15.8696	2	28	3	335
15.9462	2	5	3	97
15.9486	2	28	3	335
15.9623	2	1	3	429
15.9927	2	22	3	309
15.9972	2	20	3	252
16.0276	2	28	3	335
16.0913	2	1	3	429
16.1066	2	28	3	335
16.1122	2	5	3	97
16.1572	2	17	3	195
16.16	2	30	3	58
16.1856	2	28	3	335
16.2203	2	1	3	429
16.2646	2	28	3	335
16.2677	2	24	3	33
16.2782	2	5	3	97
16.2818	2	7	3	438
16.2837	2	12	3	313
16.2978	2	23	3	52
16.3233	2	15	3	139
16.3436	2	28	3	335
16.3493	2	1	3	429
16.4226	2	28	3	335
16.4442	2	5	3	97
16.4783	2	1	3	429
16.5016	2	28	3	335
16.5806	2	28	3	335
16.6073	2	1	3	429
16.6102	2	5	3	97
16.6487	2	22	3	309
16.6596	2	28	3	335
16.7363	2	1	3	429
16.7386	2	28	3	335
16.7762	2	5	3	97
16.8176	2	28	3	335
16.8335	2	14	3	333
16.8653	2	1	3	429
16.8774	2	25	3	473
16.8966	2	28	3	335
16.9023	2	15	3	139
16.9422	2	5	3	97
16.9756	2	28	3	335
16.9943	2	1	3	429
17.0357	2	24	3	33
17.0494	2	3	3	369
17.0546	2	28	3	335
17.0749	2	10	3	497
17.1064	2	19	3	368
17.1082	2	5	3	97
17.1131	2	6	3	247
17.1233	2	1	3	429
17.1336	2	28	3	335
17.1803	2	8	3	81
17.2126	2	28	3	335
17.2457	2	18	3	447
17.2523	2	1	3	429
17.2742	2	5	3	97
17.2916	2	28	3	335
17.3047	2	22	3	309
17.3706	2	28	3	335
17.3813	2	1	3	429
17.4402	2	5	3	97
17.4496	2	28	3	335
17.4813	2	15	3	139
17.5103	2	1	3	429
17.5286	2	28	3	335
17.6062	2	5	3	97
17.6076	2	28	3	335
17.6393	2	1	3	429
17.6866	2	28	3	335
17.7482	2	20	3	252
17.7488	2	7	3	438
17.7532	2	17	3	195
17.76	2	30	3	58
17.7656	2	28	3	335
17.7683	2	1	3	429
17.7722	2	5	3	97
17.8037	2	24	3	33
17.8446	2	28	3	335
17.8973	2	1	3	429
17.9236	2	28	3	335
17.9382	2	5	3	97
17.9607	2	22	3	309
17.97	2	16	3	486
18.0026	2	28	3	335
18.0263	2	1	3	429
18.0552	2	4	3	186
18.0603	2	15	3	139
18.0816	2	28	3	335
18.1042	2	5	3	97
18.1553	2	1	3	429
18.1606	2	28	3	335
18.2396	2	28	3	335
18.2702	2	5	3	97
18.2843	2	1	3	429
18.3186	2	28	3	335
18.3976	2	28	3	335
18.4133	2	1	3	429
18.4362	2	5	3	97
18.458	2	26	3	270
18.4766	2	28	3	335
18.5423	2	1	3	429
18.5556	2	28	3	335
18.5717	2	24	3	33
18.5948	2	23	3	52
18.6022	2	5	3	97
18.6167	2	22	3	309
18.6346	2	28	3	335
18.6393	2	15	3	139
18.6439	2	27	3	228
18.6713	2	1	3	429
18.6825	2	29	3	389
18.7098	2	21	3	476
18.7136	2	28	3	335
18.7682	2	5	3	97
18.7926	2	28	3	335
18.7967	2	18	3	447
18.8003	2	1	3	429
18.8565	2	2	3	494
18.8716	2	28	3	335
18.9194	2	3	3	369
18.9293	2	1	3	429
18.9342	2	5	3	97
18.9506	2	28	3	335
19.0296	2	28	3	335
19.0583	2	1	3	429
19.1002	2	5	3	97
19.1086	2	28	3	335
19.1873	2	1	3	429
19.1876	2	28	3	335
19.2158	2	7	3	438
19.2183	2	15	3	139
19.2662	2	5	3	97
19.2666	2	28	3	335
19.2694	2	25	3	473
19.2727	2	22	3	309
19.3163	2	1	3	429
19.3397	2	24	3	33
19.3456	2	28	3	335
19.3492	2	17	3	195
19.36	2	30	3	58
19.3912	2	13	3	286
19.4246	2	28	3	335
19.4322	2	5	3	97
19.4453	2	1	3	429
19.4992	2	20	3	252
19.5036	2	28	3	335
19.5743	2	1	3	429
19.5826	2	28	3	335
19.5982	2	5	3	97
19.6065	2	14	3	333
19.6616	2	28	3	335
19.7033	2	1	3	429
19.7406	2	28	3	335
19.7475	2	9	3	476
19.7642	2	5	3	97
19.7973	2	15	3	139
19.8323	2	1	3	429
19.8449	2	11	3	356
19.9184	2	19	3	368
19.9287	2	22	3	309
19.9302	2	5	3	97
19.9613	2	1	3	429
20.0203	2	8	3	81
20.0903	2	1	3	429
20.0962	2	5	3	97
20.1077	2	24	3	33
20.2193	2	1	3	429
20.2622	2	5	3	97
20.3247	2	12	3	313
20.3477	2	18	3	447
20.3483	2	1	3	429
20.3763	2	15	3	139
20.4282	2	5	3	97
20.4773	2	1	3	429
20.5847	2	22	3	309
20.5942	2	5	3	97
20.6063	2	1	3	429
20.6828	2	7	3	438
20.7353	2	1	3	429
20.7602	2	5	3	97
20.7894	2	3	3	369
20.8643	2	1	3	429
20.8757	2	24	3	33
20.8918	2	23	3	52
20.9262	2	5	3	97
20.928	2	16	3	486
20.9452	2	17	3	195
20.9553	2	15	3	139
20.96	2	30	3	58
20.9933	2	1	3	429
21.0372	2	4	3	186
21.0922	2	5	3	97
21.1223	2	1	3	429
21.2407	2	22	3	309
21.2502	2	20	3	252
21.2513	2	1	3	429
21.2582	2	5	3	97
21.3019	2	10	3	497
21.3331	2	6	3	247
21.3803	2	1	3	429
21.4242	2	5	3	97
21.491	2	26	3	270
21.5093	2	1	3	429
21.5343	2	15	3	139
21.5902	2	5	3	97
21.6383	2	1	3	429
21.6437	2	24	3	33
21.6614	2	25	3	473
21.7562	2	5	3	97
21.7673	2	1	3	429
21.8963	2	1	3	429
21.8967	2	22	3	309
21.8987	2	18	3	447
21.9222	2	5	3	97
22.0253	2	1	3	429
22.0882	2	5	3	97
22.1133	2	15	3	139
22.1498	2	7	3	438
22.1543	2	1	3	429
22.2542	2	5	3	97
22.2833	2	1	3	429
22.3219	2	27	3	228
22.3795	2	14	3	333
22.3885	2	29	3	389
22.4117	2	24	3	33
22.4123	2	1	3	429
22.4202	2	5	3	97
22.5412	2	17	3	195
22.5413	2	1	3	429
22.5527	2	22	3	309
22.56	2	30	3	58
22.5862	2	5	3	97
22.5875	2	2	3	494
22.6594	2	3	3	369
22.6703	2	1	3	429
22.6923	2	15	3	139
22.7304	2	19	3	368
22.7522	2	5	3	97
22.7993	2	1	3	429
22.8603	2	8	3	81
22.9182	2	5	3	97
22.9283	2	1	3	429
23.0012	2	20	3	252
23.0573	2	1	3	429
23.0842	2	5	3	97
23.1797	2	24	3	33
23.1863	2	1	3	429
23.1888	2	23	3	52
23.2087	2	22	3	309
23.2202	2	13	3	286
23.2502	2	5	3	97
23.2713	2	15	3	139
23.3153	2	1	3	429
23.3408	2	21	3	476
23.4162	2	5	3	97
23.4443	2	1	3	429
23.4497	2	18	3	447
23.5733	2	1	3	429
23.5822	2	5	3	97
23.6168	2	7	3	438
23.7023	2	1	3	429
23.7482	2	5	3	97
23.8313	2	1	3	429
23.8503	2	15	3	139
23.8647	2	22	3	309
23.886	2	16	3	486
23.9142	2	5	3	97
23.9477	2	24	3	33
23.9603	2	1	3	429
24.0192	2	4	3	186
24.0534	2	25	3	473
24.0802	2	5	3	97
24.0893	2	1	3	429
24.1372	2	17	3	195
24.16	2	30	3	58
24.2183	2	1	3	429
24.2462	2	5	3	97
24.3473	2	1	3	429
24.3657	2	12	3	313
24.4122	2	5	3	97
24.4293	2	15	3	139
24.4763	2	1	3	429
24.5207	2	22	3	309
24.524	2	26	3	270
24.5294	2	3	3	369
24.5782	2	5	3	97
24.6053	2	1	3	429
24.6385	2	9	3	476
24.7157	2	24	3	33
24.7343	2	1	3	429
24.7442	2	5	3	97
24.7522	2	20	3	252
24.7639	2	11	3	356
24.8633	2	1	3	429
24.9102	2	5	3	97
24.9923	2	1	3	429
25.0007	2	18	3	447
25.0083	2	15	3	139
25.0762	2	5	3	97
25.0838	2	7	3	438
25.1213	2	1	3	429
25.1525	2	14	3	333
25.1767	2	22	3	309
25.2422	2	5	3	97
25.2503	2	1	3	429
25.3793	2	1	3	429
25.4082	2	5	3	97
25.4837	2	24	3	33
25.4858	2	23	3	52
25.5083	2	1	3	429
25.5289	2	10	3	497
25.5424	2	19	3	368
25.5531	2	6	3	247
25.5742	2	5	3	97
25.5873	2	15	3	139
25.6373	2	1	3	429
25.7003	2	8	3	81
25.7332	2	17	3	195
25.7402	2	5	3	97
25.76	2	30	3	58
25.7663	2	1	3	429
25.8327	2	22	3	309
25.8953	2	1	3	429
25.9062	2	5	3	97
25.9999	2	27	3	228
26.0243	2	1	3	429
26.0722	2	5	3	97
26.0945	2	29	3	389
26.1533	2	1	3	429
26.1663	2	15	3	139
26.2382	2	5	3	97
26.2517	2	24	3	33
26.2823	2	1	3	429
26.3185	2	2	3	494
26.3994	2	3	3	369
26.4042	2	5	3	97
26.4113	2	1	3	429
26.4454	2	25	3	473
26.4887	2	22	3	309
26.5032	2	20	3	252
26.5403	2	1	3	429
26.5508	2	7	3	438
26.5517	2	18	3	447
26.5702	2	5	3	97
26.6693	2	1	3	429
26.7362	2	5	3	97
26.7453	2	15	3	139
26.7983	2	1	3	429
26.844	2	16	3	486
26.9022	2	5	3	97
26.9273	2	1	3	429
27.0012	2	4	3	186
27.0197	2	24	3	33
27.0492	2	13	3	286
27.0563	2	1	3	429
27.0682	2	5	3	97
27.1447	2	22	3	309
27.1853	2	1	3	429
27.2342	2	5	3	97
27.3143	2	1	3	429
27.3243	2	15	3	139
27.3292	2	17	3	195
27.36	2	30	3	58
27.4002	2	5	3	97
27.4433	2	1	3	429
27.557	2	26	3	270
27.5662	2	5	3	97
27.5723	2	1	3	429
27.7013	2	1	3	429
27.7322	2	5	3	97
27.7828	2	23	3	52
27.7877	2	24	3	33
27.8007	2	22	3	309
27.8303	2	1	3	429
27.8982	2	5	3	97
27.9033	2	15	3	139
27.9255	2	14	3	333
27.9593	2	1	3	429
27.9718	2	21	3	476
28.0178	2	7	3	438
28.0642	2	5	3	97
28.0883	2	1	3	429
28.1027	2	18	3	447
28.2173	2	1	3	429
28.2302	2	5	3	97
28.2542	2	20	3	252
28.2694	2	3	3	369
28.3463	2	1	3	429
28.3544	2	19	3	368
28.3962	2	5	3	97
28.4067	2	12	3	313
28.4567	2	22	3	309
28.4753	2	1	3	429
28.4823	2	15	3	139
28.5403	2	8	3	81
28.5557	2	24	3	33
28.5622	2	5	3	97
28.6043	2	1	3	429
28.7282	2	5	3	97
28.7333	2	1	3	429
28.8374	2	25	3	473
28.8623	2	1	3	429
28.8942	2	5	3	97
28.9252	2	17	3	195
28.96	2	30	3	58
28.9913	2	1	3	429
29.0602	2	5	3	97
29.0613	2	15	3	139
29.1127	2	22	3	309
29.1203	2	1	3	429
29.2262	2	5	3	97
29.2493	2	1	3	429
29.3237	2	24	3	33
29.3783	2	1	3	429
29.3922	2	5	3	97
29.4848	2	7	3	438
29.5073	2	1	3	429
29.5295	2	9	3	476
29.5582	2	5	3	97
29.6363	2	1	3	429
29.6403	2	15	3	139
29.6537	2	18	3	447
29.6779	2	27	3	228
29.6829	2	11	3	356
29.7242	2	5	3	97
29.7559	2	10	3	497
29.7653	2	1	3	429
29.7687	2	22	3	309
29.7731	2	6	3	247
29.8005	2	29	3	389
29.802	2	16	3	486
29.8902	2	5	3	97
29.8943	2	1	3	429
29.9832	2	4	3	186
30.0052	2	20	3	252
30.0233	2	1	3	429
30.0495	2	2	3	494
30.0562	2	5	3	97
30.0798	2	23	3	52
30.0917	2	24	3	33
30.1394	2	3	3	369
30.1523	2	1	3	429
30.2193	2	15	3	139
30.2222	2	5	3	97
30.2813	2	1	3	429
30.3882	2	5	3	97
30.4103	2	1	3	429
30.4247	2	22	3	309
30.5212	2	17	3	195
30.5393	2	1	3	429
30.5542	2	5	3	97
30.56	2	30	3	58
30.59	2	26	3	270
30.6683	2	1	3	429
30.6985	2	14	3	333
30.7202	2	5	3	97
30.7973	2	1	3	429
30.7983	2	15	3	139
30.8597	2	24	3	33
30.8782	2	13	3	286
30.8862	2	5	3	97
30.9263	2	1	3	429
30.9518	2	7	3	438
31.0522	2	5	3	97
31.0553	2	1	3	429
31.0807	2	22	3	309
31.1664	2	19	3	368
31.1843	2	1	3	429
31.2047	2	18	3	447
31.2182	2	5	3	97
31.2294	2	25	3	473
31.3133	2	1	3	429
31.3773	2	15	3	139
31.3803	2	8	3	81
31.3842	2	5	3	97
31.4423	2	1	3	429
31.5502	2	5	3	97
31.5713	2	1	3	429
31.6277	2	24	3	33
31.7003	2	1	3	429
31.7162	2	5	3	97
31.7367	2	22	3	309
31.7562	2	20	3	252
31.8293	2	1	3	429
31.8822	2	5	3	97
31.9563	2	15	3	139
31.9583	2	1	3	429
32.0094	2	3	3	369
32.0482	2	5	3	97
32.0873	2	1	3	429
32.1172	2	17	3	195
32.16	2	30	3	58
32.2142	2	5	3	97
32.2163	2	1	3	429
32.3768	2	23	3	52
32.3802	2	5	3	97
32.3927	2	22	3	309
32.3957	2	24	3	33
32.4188	2	7	3	438
32.4477	2	12	3	313
32.5353	2	15	3	139
32.5462	2	5	3	97
32.6028	2	21	3	476
32.7122	2	5	3	97
32.7557	2	18	3	447
32.76	2	16	3	486
32.8782	2	5	3	97
32.9652	2	4	3	186
33.0442	2	5	3	97
33.0487	2	22	3	309
33.1143	2	15	3	139
33.1637	2	24	3	33
33.2102	2	5	3	97
33.3559	2	27	3	228
33.3762	2	5	3	97
33.4715	2	14	3	333
33.5065	2	29	3	389
33.5072	2	20	3	252
33.5422	2	5	3	97
33.6214	2	25	3	473
33.623	2	26	3	270
33.6933	2	15	3	139
33.7047	2	22	3	309
33.7082	2	5	3	97
33.7132	2	17	3	195
33.76	2	30	3	58
33.7805	2	2	3	494
33.8742	2	5	3	97
33.8794	2	3	3	369
33.8858	2	7	3	438
33.9317	2	24	3	33
33.9784	2	19	3	368
33.9829	2	10	3	497
33.9931	2	6	3	247
34.0402	2	5	3	97
34.2062	2	5	3	97
34.2203	2	8	3	81
34.2723	2	15	3	139
34.3067	2	18	3	447
34.3607	2	22	3	309
34.3722	2	5	3	97
34.4205	2	9	3	476
34.5382	2	5	3	97
34.6019	2	11	3	356
34.6738	2	23	3	52
34.6997	2	24	3	33
34.7042	2	5	3	97
34.7072	2	13	3	286
34.8513	2	15	3	139
34.8702	2	5	3	97
35.0167	2	22	3	309
35.0362	2	5	3	97
35.2022	2	5	3	97
35.2582	2	20	3	252
35.3092	2	17	3	195
35.3528	2	7	3	438
35.36	2	30	3	58
35.3682	2	5	3	97
35.4303	2	15	3	139
35.4677	2	24	3	33
35.5342	2	5	3	97
35.6727	2	22	3	309
35.7002	2	5	3	97
35.718	2	16	3	486
35.7494	2	3	3	369
35.8577	2	18	3	447
35.8662	2	5	3	97
35.9472	2	4	3	186
36.0093	2	15	3	139
36.0134	2	25	3	473
36.0322	2	5	3	97
36.1982	2	5	3	97
36.2357	2	24	3	33
36.2445	2	14	3	333
36.3287	2	22	3	309
36.3642	2	5	3	97
36.4887	2	12	3	313
36.5302	2	5	3	97
36.5883	2	15	3	139
36.656	2	26	3	270
36.6962	2	5	3	97
36.7904	2	19	3	368
36.8198	2	7	3	438
36.8622	2	5	3	97
36.9052	2	17	3	195
36.96	2	30	3	58
36.9708	2	23	3	52
36.9847	2	22	3	309
37.0037	2	24	3	33
37.0092	2	20	3	252
37.0282	2	5	3	97
37.0339	2	27	3	228
37.0603	2	8	3	81
37.1673	2	15	3	139
37.1942	2	5	3	97
37.2125	2	29	3	389
37.2338	2	21	3	476
37.3602	2	5	3	97
37.4087	2	18	3	447
37.5115	2	2	3	494
37.5262	2	5	3	97
37.6194	2	3	3	369
37.6407	2	22	3	309
37.6922	2	5	3	97
37.7463	2	15	3	139
37.7717	2	24	3	33
37.8582	2	5	3	97
38.0242	2	5	3	97
38.1902	2	5	3	97
38.2099	2	10	3	497
38.2131	2	6	3	247
38.2868	2	7	3	438
38.2967	2	22	3	309
38.3253	2	15	3	139
38.3562	2	5	3	97
38.4054	2	25	3	473
38.5012	2	17	3	195
38.5222	2	5	3	97
38.5362	2	13	3	286
38.5397	2	24	3	33
38.56	2	30	3	58
38.676	2	16	3	486
38.6882	2	5	3	97
38.7602	2	20	3	252
38.8542	2	5	3	97
38.9043	2	15	3	139
38.9292	2	4	3	186
38.9527	2	22	3	309
38.9597	2	18	3	447
39.0175	2	14	3	333
39.0202	2	5	3	97
39.1862	2	5	3	97
39.2678	2	23	3	52
39.3077	2	24	3	33
39.3115	2	9	3	476
39.3522	2	5	3	97
39.4833	2	15	3	139
39.4894	2	3	3	369
39.5182	2	5	3	97
39.5209	2	11	3	356
39.6024	2	19	3	368
39.6087	2	22	3	309
39.6842	2	5	3	97
39.689	2	26	3	270
39.7538	2	7	3	438
39.8502	2	5	3	97
39.9003	2	8	3	81
40.0162	2	5	3	97
40.0623	2	15	3	139
40.0757	2	24	3	33
40.0972	2	17	3	195
40.16	2	30	3	58
40.1822	2	5	3	97
40.2647	2	22	3	309
40.3482	2	5	3	97
40.5107	2	18	3	447
40.5112	2	20	3	252
40.5142	2	5	3	97
40.5297	2	12	3	313
40.6413	2	15	3	139
40.6802	2	5	3	97
40.7119	2	27	3	228
40.7974	2	25	3	473
40.8437	2	24	3	33
40.8462	2	5	3	97
40.9185	2	29	3	389
40.9207	2	22	3	309
41.0122	2	5	3	97
41.1782	2	5	3	97
41.2203	2	15	3	139
41.2208	2	7	3	438
41.2425	2	2	3	494
41.3442	2	5	3	97
41.3594	2	3	3	369
41.5648	2	23	3	52
41.5767	2	22	3	309
41.6117	2	24	3	33
41.634	2	16	3	486
41.6932	2	17	3	195
41.76	2	30	3	58
41.7905	2	14	3	333
41.7993	2	15	3	139
41.8648	2	21	3	476
41.9112	2	4	3	186
42.0617	2	18	3	447
42.2327	2	22	3	309
42.2622	2	20	3	252
42.3652	2	13	3	286
42.3783	2	15	3	139
42.3797	2	24	3	33
42.4144	2	19	3	368
42.4331	2	6	3	247
42.4369	2	10	3	497
42.6878	2	7	3	438
42.722	2	26	3	270
42.7403	2	8	3	81
42.8887	2	22	3	309
42.9573	2	15	3	139
43.1477	2	24	3	33
43.1894	2	25	3	473
43.2294	2	3	3	369
43.2892	2	17	3	195
43.36	2	30	3	58
43.5363	2	15	3	139
43.5447	2	22	3	309
43.6127	2	18	3	447
43.8618	2	23	3	52
43.9157	2	24	3	33
44.0132	2	20	3	252
44.1153	2	15	3	139
44.1548	2	7	3	438
44.2007	2	22	3	309
44.2025	2	9	3	476
44.3899	2	27	3	228
44.4399	2	11	3	356
44.5635	2	14	3	333
44.5707	2	12	3	313
44.592	2	16	3	486
44.6245	2	29	3	389
44.6837	2	24	3	33
44.6943	2	15	3	139
44.8567	2	22	3	309
44.8852	2	17	3	195
44.8932	2	4	3	186
44.96	2	30	3	58
44.9735	2	2	3	494
45.0994	2	3	3	369
45.1637	2	18	3	447
45.2264	2	19	3	368
45.2733	2	15	3	139
45.4517	2	24	3	33
45.5127	2	22	3	309
45.5803	2	8	3	81
45.5814	2	25	3	473
45.6218	2	7	3	438
45.755	2	26	3	270
45.7642	2	20	3	252
45.8523	2	15	3	139
46.1588	2	23	3	52
46.1687	2	22	3	309
46.1942	2	13	3	286
46.2197	2	24	3	33
46.4313	2	15	3	139
46.4812	2	17	3	195
46.4958	2	21	3	476
46.56	2	30	3	58
46.6531	2	6	3	247
46.6639	2	10	3	497
46.7147	2	18	3	447
46.8247	2	22	3	309
46.9694	2	3	3	369
46.9877	2	24	3	33
47.0103	2	15	3	139
47.0888	2	7	3	438
47.3365	2	14	3	333
47.4807	2	22	3	309
47.5152	2	20	3	252
47.55	2	16	3	486
47.5893	2	15	3	139
47.7557	2	24	3	33
47.8752	2	4	3	186
47.9734	2	25	3	473
48.0384	2	19	3	368
48.0679	2	27	3	228
48.0772	2	17	3	195
48.1367	2	22	3	309
48.16	2	30	3	58
48.1683	2	15	3	139
48.2657	2	18	3	447
48.3305	2	29	3	389
48.4203	2	8	3	81
48.4558	2	23	3	52
48.5237	2	24	3	33
48.5558	2	7	3	438
48.6117	2	12	3	313
48.7045	2	2	3	494
48.7473	2	15	3	139
48.788	2	26	3	270
48.7927	2	22	3	309
48.8394	2	3	3	369
49.0935	2	9	3	476
49.2662	2	20	3	252
49.2917	2	24	3	33
49.3263	2	15	3	139
49.3589	2	11	3	356
49.4487	2	22	3	309
49.6732	2	17	3	195
49.76	2	30	3	58
49.8167	2	18	3	447
49.9053	2	15	3	139
50.0228	2	7	3	438
50.0232	2	13	3	286
50.0597	2	24	3	33
50.1047	2	22	3	309
50.1095	2	14	3	333
50.3654	2	25	3	473
50.4843	2	15	3	139
50.508	2	16	3	486
50.7094	2	3	3	369
50.7528	2	23	3	52
50.7607	2	22	3	309
50.8277	2	24	3	33
50.8504	2	19	3	368
50.8572	2	4	3	186
50.8731	2	6	3	247
50.8909	2	10	3	497
51.0172	2	20	3	252
51.0633	2	15	3	139
51.1268	2	21	3	476
51.2603	2	8	3	81
51.2692	2	17	3	195
51.36	2	30	3	58
51.3677	2	18	3	447
51.4167	2	22	3	309
51.4898	2	7	3	438
51.5957	2	24	3	33
51.6423	2	15	3	139
51.7459	2	27	3	228
51.821	2	26	3	270
52.0365	2	29	3	389
52.0727	2	22	3	309
52.2213	2	15	3	139
52.3637	2	24	3	33
52.4355	2	2	3	494
52.5794	2	3	3	369
52.6527	2	12	3	313
52.7287	2	22	3	309
52.7574	2	25	3	473
52.7682	2	20	3	252
52.8003	2	15	3	139
52.8652	2	17	3	195
52.8825	2	14	3	333
52.9187	2	18	3	447
52.9568	2	7	3	438
52.96	2	30	3	58
53.0498	2	23	3	52
53.1317	2	24	3	33
53.3793	2	15	3	139
53.3847	2	22	3	309
53.466	2	16	3	486
53.6624	2	19	3	368
53.8392	2	4	3	186
53.8522	2	13	3	286
53.8997	2	24	3	33
53.9583	2	15	3	139
53.9845	2	9	3	476
54.0407	2	22	3	309
54.1003	2	8	3	81
54.2779	2	11	3	356
54.4238	2	7	3	438
54.4494	2	3	3	369
54.4612	2	17	3	195
54.4697	2	18	3	447
54.5192	2	20	3	252
54.5373	2	15	3	139
54.56	2	30	3	58
54.6677	2	24	3	33
54.6967	2	22	3	309
54.854	2	26	3	270
55.0931	2	6	3	247
55.1163	2	15	3	139
55.1179	2	10	3	497
55.1494	2	25	3	473
55.3468	2	23	3	52
55.3527	2	22	3	309
55.4239	2	27	3	228
55.4357	2	24	3	33
55.6555	2	14	3	333
55.6953	2	15	3	139
55.7425	2	29	3	389
55.7578	2	21	3	476
55.8908	2	7	3	438
56.0087	2	22	3	309
56.0207	2	18	3	447
56.0572	2	17	3	195
56.16	2	30	3	58
56.1665	2	2	3	494
56.2037	2	24	3	33
56.2702	2	20	3	252
56.2743	2	15	3	139
56.3194	2	3	3	369
56.424	2	16	3	486
56.4744	2	19	3	368
56.6647	2	22	3	309
56.6937	2	12	3	313
56.8212	2	4	3	186
56.8533	2	15	3	139
56.9403	2	8	3	81
56.9717	2	24	3	33
57.3207	2	22	3	309
57.3578	2	7	3	438
57.4323	2	15	3	139
57.5414	2	25	3	473
57.5717	2	18	3	447
57.6438	2	23	3	52
57.6532	2	17	3	195
57.6812	2	13	3	286
57.7397	2	24	3	33
57.76	2	30	3	58
57.887	2	26	3	270
57.9767	2	22	3	309
58.0113	2	15	3	139
58.0212	2	20	3	252
58.1894	2	3	3	369
58.4285	2	14	3	333
58.5077	2	24	3	33
58.5903	2	15	3	139
58.6327	2	22	3	309
58.8248	2	7	3	438
58.8755	2	9	3	476
59.1019	2	27	3	228
59.1227	2	18	3	447
59.1693	2	15	3	139
59.1969	2	11	3	356
59.2492	2	17	3	195
59.2757	2	24	3	33
59.2864	2	19	3	368
59.2887	2	22	3	309
59.3131	2	6	3	247
59.3449	2	10	3	497
59.36	2	30	3	58
59.382	2	16	3	486
59.4485	2	29	3	389
59.7483	2	15	3	139
59.7722	2	20	3	252
59.7803	2	8	3	81
59.8032	2	4	3	186
59.8975	2	2	3	494
59.9334	2	25	3	473
59.9408	2	23	3	52
59.9447	2	22	3	309
